 1113  4532
 1811  8632
  884  5929
 5093  8533
 1786  2474
 9477  5514
 2364  8731
 9563  6149
 3603   228
 9227   616
 3775  7201
 1660  3688
 2049  1512
 6293  4345
 4315  2321
 6104  4794
 3682  7712
 6396  7194
 8225  5978
 9218  3990
 4668  8579
 9973  3247
 1761  4770
 9757  1211
 6473  6562
 3502  5021
 7498  5828
 6027  1689
 9223   510
 5918  1397
 5898  5592
 9512  9271
 3526  4811
 2690  2583
 2021  8693
 9214  7282
 5856  1383
 5781  8518
 2017  9602
 1413  9333
 9250  6452
 3535  2553
 6629  7197
 6907  9171
 3754   930
 5445  8387
 5777   646
 4672  9755
 4485  3320
 2226  4969
 9987   629
 1256  2026
 9162  4714
 2619  1597
 9094   473
 7154  2819
 9061  3748
 2002  9679
 6330  9506
 3784  4867
 9385   754
 2011  3115
 5765  1720
 3380   464
 9337  3218
 5852  4885
 2364  9614
 5061  6108
 9443  6879
 2658  2939
 4480   435
 1362  9166
 9049  2229
 4552  9818
 2646  3328
 2514  9546
 5291  8961
 3474  7949
 3928  4915
  794  2407
 5915  5835
 4871  4976
 8474  1719
  461  7442
 6651  4111
  974  8588
 8404  6552
 5096  5009
 5287  5956
 5247  7465
 8595   959
 6534  9253
 1068  4773
  118  5615
 2024  9969
 3494  8263
 6675  1735
 1077  3547
 9292  4251
 3343   297
 4552  5673
 1643  2911
 9334  3479
 4088  5780
 3692  6785
 9713   817
 6168  2599
 6520  8454
 7766  3287
 5948  2657
 3940   182
 8695  3317
 4671  4874
 4004  4115
 5890  1142
 1405  9752
  224  6904
 5210  5726
 7990  6245
 2723  4865
 3565  1422
 6763  6248
 6812  6118
 7184  9127
 9149  9528
 6763  1944
 5512  2196
 4979  6465
 1455     5
 6625  2911
 4989  6070
 1608  2317
 9069  3090
 2221  5400
  948  9322
 6616  9453
 1422  2290
 1147  2018
 4873   841
 2335   877
  177  8465
 5753  6405
 3450  5329
 8981  7182
 9371  3827
 8346  1069
 2941  2488
 9150  3260
 3410  9354
 2250  9627
 7780  9359
 4588  5280
 5999   107
 7392   297
 4299  5902
  510  8269
 8087   536
 1264  6535
 7300  6650
 6548  2366
 1166   993
  898  5597
 5054  1606
 1004  1974
 5604  1039
  962  2124
 3844  7107
 3418  5231
 3705  4052
  690  7329
 9202  4500
 3402   492
 4741  9087
 7972  2601
 4994  9903
 8504  7984
 7422  4401
 7002  4703
 6451  2678
 2500  3308
 1757   546
 5306  1242
   99    33
 3312  2044
  983  3833
 2799  2631
 7577  8145
 1989    40
 9770  2961
 3071   704
 3232  2080
 8428  3583
 1976  7133
 2785  2199
 5566  6273
 3986  6285
 1011  7712
 4163  9314
 3877  6043
 5081  7604
