 3592  5911
 5040  7520
 4186   924
 8997  2411
 5960  2612
 8226  6696
 1140  4513
 1781  9340
 8475  8081
  633  3155
 5502   468
 4985  7098
 6133  8415
 3118  5007
 2524  4802
 7679  9939
 2224  5006
 6920  2993
 4159  6097
 5546  3659
 6222  7987
 2270  1589
 4758  6136
 8178  7650
 1848  3778
 5613  8970
 4484  7210
 5333  1181
 9776  3905
 8947  7204
 9022  6159
 6194  5548
 3778  1575
 8742  6606
 9729   373
 2206  6312
 6590  1176
 8000  8395
 3145  9945
 2686  6500
 5765  4799
 7890  7065
 5738  7175
 8337  4707
 5353  6726
 5581  8501
 2418  2625
 9592  7670
  187  4333
 2375  4214
 9984   624
  280  4888
 5157  5845
 3523  5716
 1696   184
  125  9432
 6945  7849
 2962  7766
 7375  3981
 9702  9786
 5447  8467
 4308   552
 1637  2517
 5850  1234
 9775  4323
 8695  2904
 1788  9233
 8905  1442
 8439  4413
 1286   613
 7857  8718
 1797  6554
 8830  6310
 8691  8456
 5067  5949
  137  9755
 9262   736
 7990  4771
 7843  5834
 5650  9884
 5617  8456
 1256  5639
 1164  6780
 2020  4366
 2244  4986
 9278  2923
 9874  4416
 9079  2473
 6685  2111
 2904  5741
 1183  8636
 5962  7927
   37  8498
 8387  1183
 7208  1254
 1061  4847
 5789  8571
   30  9919
 1640  8851
  282  7540
