 7317  9997
 2234  8958
 1914  3224
 1123  1734
 8943   660
 5994  7711
 3482  1720
 1397  2740
 7774  3464
 5582  8220
 5699  8560
 8256  1126
 7066  9148
 1580  7777
 9252  3555
 2364   534
 3708  9173
 4919  9150
 5263  4910
 9321  3242
 8132  7886
 3372  6551
 7768  7946
 5858  5591
  494  4041
 3825  5938
 2975  2609
 4757  8111
 5016  4673
 3810  3650
 9434  5194
 4861  9909
 8619  1120
 2575  8662
 4149  2101
 8115  1409
  126  2053
 9572  1649
 3575  2523
 4780  8991
 2848  5264
 2990  4127
 4922  6782
 8787  4677
 4936  2082
 2552  5291
 1038  1700
 7277  9665
  283   703
 8133  9334
   10  5663
 3781  5682
 6350  9550
 5741  6353
 3560  4003
 6752  1399
 3749  4707
 8873   851
 9549  3325
 5515  8281
 6497   446
 1124  1010
 8376  5458
 4138  8862
 5050  9310
 5571  7369
 3514  6135
 2421  5497
 4472  1562
 8258  9269
 3777  5433
 5888  5336
 9936  2682
 9313  9561
 9617   561
 1750  5638
 6103    48
 2633   291
 8282  5524
  625  9358
 6504  8921
 8867  4559
 2482  6197
 3271  2722
 2194  6056
 9029  6085
 7708  4293
 5953  3100
 6185  7910
 9563  6153
  392  2395
 5926  1051
 6747   186
 2076  8708
 5934  8168
 6847  2828
 3062  1041
  391  5174
  522  9419
 1651  3144
 5833  4104
 6629  9376
 4657  2405
 1263  7644
 6871  1129
 4534  1337
 8337  4092
 5787  7413
 2010  8838
 3411  3165
 4864  6608
 9692  3258
 4988  3060
 8491  7341
 7527  3620
 7215  8721
 3258  5387
 9311  4616
 4421  8671
  247  6512
 1651  2403
 7972  3901
 7873   562
 1358   541
 6765  9456
 6451  8830
 9680  6128
 6179  7207
 3925  9742
 3711  2829
 1948  5811
 4781  5893
 6727  5738
 9362  8284
 1736  8219
 9851  5493
 7256   555
 3852  5878
 5684  7712
 2471  9106
 8889  8769
 2999  1691
 5844  7575
 7265  4951
 1954   556
 4779  4473
 4749  9224
 8557  3332
 9663  2311
 5823  5304
 8422  5370
  694  4823
 8474  1703
 3088  2307
 6265  9807
 8358  1888
 8647   187
 4960  2855
  389  1413
 8486  1234
 3592  5450
 7010  8054
 8039  8785
 4909  4122
 8836  3078
 1832   778
 4662  9855
 8614  4004
 8127   875
 1758  5116
 2697  3065
 1725  4906
  389  2777
 1005  2755
 2760  2449
 3841  5769
 5951  8566
 9103  3150
 4233  5416
 5446  4900
  759   697
 5551   413
 6014   451
  500  9890
 4390   974
  102  6049
 9504  5058
 2725  1220
 5252  2530
 8822  2344
 7019  9067
 6079  4560
 5080  4867
 8646  8516
 8726  3027
 1733  8024
 8085  9154
 5456  7397
 7546  4899
 3869  2658
 1765  3007
 2708  1732
 6230  2960
 9021  3929
 5880  7784
 5212  3847
 6950  9365
 6376  1035
 7838  6630
 4841  2704
 8130  2161
 1208  7164
 1599   291
  696  9718
 3090  4439
 4736  2960
 5533  9202
 2527  1062
 1080  7866
 9492  7694
 3744  2989
 5857  4629
 8546  1979
 4873  1791
 8940  2833
  243  2304
 1349  3220
 1761  9990
 5806  7906
 8850  9910
 1667  6726
 9708  2861
 8352  4729
  907  4321
   27  2940
  858  3231
  826  4380
  219  4763
 2233  7951
 2902  3417
  309  7511
  905  1462
 5556  3892
 4998  2816
 7225  2398
 3195  6165
 8523  5920
 6716  5837
 3617  4045
 1877  6265
 5560   331
 4536  7950
 5372  4075
 6425   971
 9954  5502
 6931  7006
 5117  8696
 5871  7634
 5713  7668
 9195  6024
  393  7780
 5788  6772
 8921  7891
 5548  3045
 1623  9258
 1200  3294
 8148  5252
 1896  3663
 9722  1865
 3016  1375
 4323  1561
 9326  7900
 9005   594
 6185  5567
 6189  5915
 9741  3985
 7621  5190
 5602  1597
 1358  2009
 6986  1268
  537  8998
 3495  4844
 7288  1852
 4749  2785
  128  7220
 7800  6999
 2079  6329
 3580  9081
 8683  5679
  731  7529
 6874   645
 9130  4296
 3337  4951
  669  2410
 7471  7817
 4373  1073
 3579  6228
 5238  8580
 6317  2392
 2353  2256
 2658  5310
 2063  9070
 6588  3620
 5034  6130
 4513  7308
 8327  3265
 3823  9743
  934  5621
 1762  8782
 5522   776
  913  8566
 5695  9017
 2306  2149
 9059   275
 6468   664
 3449  2403
 5050  4211
  643  8852
 5904  9328
 5635  5664
 3672  4103
 4246  3931
 4192  4236
  152  8730
 3346  9949
 9061   367
 9278  4554
 7972  5749
 1037  6446
 7037  4260
 9911  2882
 7700  8632
 9670  8119
 4732  4073
 9151  4314
  545  7158
 9891  4680
 5786  7383
  903  2327
 7976  4170
 7982   343
 9606  2599
 5494  2414
 5764  9289
  833  3319
  953   839
 7465  3312
 8896  7643
 8425  2758
 3122  6457
 9998   616
 6851   584
 5470  5567
 1135   403
 5902  9263
 9865  6599
 7529  1586
 2958  7365
  629  5181
 9669  5754
 2684  2765
 4877  2836
 2124  6307
 6375  9167
 1338  4166
 4959  1055
 3740  4006
 5184  2434
 2391  9821
 9431  8540
 6060  4647
 3286  7681
 9640  7756
  315  4173
  221  5041
 4463  9626
 2257  9361
 4045  1217
 8328  3915
 9634  4833
 9948  9350
 3592  7133
 1795  3058
 3188  2291
 7850   775
 2792  2707
 5383  1246
 2779  7684
 8879  3926
 6935  2913
 6075  4144
 8897  6821
 6352  4809
 2332  8781
 7020  1523
 2817  6138
 4924  9197
 8151  7198
 9537  3130
 3531  9651
 3827  1911
 2699  1589
   38    89
 9633   266
 7460  6631
 1599  9790
 1530  3160
 4397  7840
 5303  9571
 5273  8186
 6556  6326
 1818  3861
 9977   573
 6803  6875
 2192    34
 8012  3951
 6910  1094
 1299  9844
 5445  4823
 1467  9765
 1494  9954
 9810  5865
 8278  9848
 8735  7673
 7122  7128
 3527  7432
 1092  6418
 2220  4123
 6010  6855
 3686  8562
 6504  5801
 3849  1305
 1578  3492
 7688  5358
 2968  3515
    8  2131
 6908  6045
  537  6715
 8958  3556
 4322  2670
 4367  5080
 3805  1403
    2  2544
 2108  1860
 5764  2320
 4127  2471
 5507  7828
 4137  9181
 7970  4456
 7726    95
 3673  9230
  561  2561
  201  2120
 9567  5191
 3151  8401
 4936  6926
 8860  1891
 8374  4842
 1447  3504
 5194  6285
  333  7293
 9577  1468
 9599  4383
 4370    77
 8785  3992
 7569  9969
 9222   606
 1058  8264
 2752  5067
 8456  2970
 9501  3491
 1002  3431
 9075  7201
 1189  4685
 5837  7013
  754  3630
 1786   811
 5128  4122
 8266  8964
 9720  5266
 6945  7563
 6781  5808
 2313  8223
 6468  7394
 9969  7776
  808  7379
 1337  3575
 8203   788
 4280  9637
 2283  3469
 8096  7038
 9802  2897
 4242   782
 7585  2674
 5411  6319
 4203  4427
 1688  3249
 2907  5790
 8899  1178
  480  1838
