 9453  2821
 6207  5601
 6020  7158
 1099   555
 5071  2007
 6578   927
 7951  2519
 2342  2421
 2663  7602
 4164  5085
 4971  2030
 8717  5466
 2217   623
 8398   810
 2257  2394
 4536  1651
 5162  7335
 1998  4680
 1894  6770
 6277  9805
 4176  9613
 2980  5038
 3669  2484
 6666  4591
 8077  9647
 3132  4861
 7367  4067
 5686  4149
 4733  1326
 1858  3201
 2127  8209
 9783  8065
 3376  3187
 7092  4400
  845  5957
 3047  4131
 2045  6222
 8864  6199
 9391  9923
 2867  9970
 4155  4812
 7447  4560
 5432   673
 3005  3831
 8310  2698
 6769  2400
 5283  5528
 5587  9454
 3141  1843
 4740   436
 9135  2525
 4540  1627
 7549   989
 9349  4371
 2337   307
 8358  7260
 4906  8888
  402  9980
 7851  5800
 2987  5614
 5335   252
 3323  6685
 9179  4432
 3854  3311
 1888  5382
 8563   371
 5941  1133
 8240  6716
 7777  7895
  864   758
 1008  8209
  619  6015
 8157  7591
 2846   737
 2893  6050
 7930  4921
 5063  2822
 5661  3261
 8612  5015
 9290  7425
 8765  8503
 2128  2880
 7619  9772
 8176  1040
 8927  9812
  185  8863
 3085  7580
 8572   911
 5992  3986
 3141  9025
 8065  4538
 6404  8957
 4975  9304
 2516  7042
 1916  6376
 5399  3354
   78  5163
 2206  8976
 8877  2012
 9172  2556
 8410  4931
 9030   130
 3176  9438
 8782  7242
 3212  4365
 7858  4807
 2985   981
  972  5767
 4599  4672
 6140   752
 1465  9752
 7543  9448
 6886  6024
 1251  4113
 8677  5506
 3875  8697
 2141  1892
  263  4533
 5666  6330
  761  8715
 8354  5461
 9302  9933
 4565  4892
 9896  7930
 8637  5697
 6543  9649
 7934  5593
 4382  1680
 7949   928
 8323  6635
 7423  3513
  629  8982
 5746  3417
  136  6821
 3647  4744
 1091  5476
 8789  2545
 4250   535
 8207  1775
 1667  6386
 4021  5628
 6235  8535
 5200  8103
  175  1381
 7229  1401
 2808  6917
 6799  5175
  695  7271
 1747  7110
 5269  1818
 5311  5536
 9145  7110
 7458  7685
 3152  9894
 7688   998
 9725  8116
 3992  8011
 7037  3183
 4574  5266
 7722  1576
 2637  6883
 9258  2986
 7944  5424
 9265  4952
 7027  1315
 9597  8997
 1325  1482
 9323  3840
 3213  8987
 2556  9951
  861  8562
 4900  1493
 9847   614
 9213  4947
 4733  3271
 5988  8961
 1596  4231
 6959  8445
 9348  6644
 8362  6576
 5072  1984
 1592  9348
 8298  6256
 4421  7129
 6690  8127
 3659   809
  376  2415
 3642  6308
 2735   301
 7089  1878
 9399  4645
 5624  2594
 6016  8799
 5349   702
 8466  2895
 4145  6392
 8136  1380
 9560   233
 4981  2008
 3484  4687
 7463  1374
 6316  1401
 8186  2033
 5255  6239
 9295   956
 7401  8495
  960  2861
 6515  2470
 9586  5005
 1634  3413
 3452  4523
 2702  3546
 7717  5064
 2132  7223
 6688  9387
 2437  5566
 8606   305
 8941  9658
 4161  5244
 7217   538
 7744  8806
 2458  6807
 3269  2913
 9040  1540
 7011  4878
 3206  7419
 1253   261
 1059  6003
 7905  4474
 5200  3029
 5613  8750
 9501  8353
 8262  8858
 5085  5125
 4515  7479
 3480  2046
 7087  1876
 1314   447
 8674  8297
 2689   658
 9361  7052
 9793   883
 1290  7471
 5493  8675
 8890  9034
 4053  6747
 4704  8542
 9528  7310
 9361  4571
  405  9512
 5340   582
 9102   823
  305  7563
 9690  3014
 3319  8260
 2323  1034
 7763  8877
 5635  9351
 2171  4790
  162   122
 8448  6696
 2652  7220
 8574  6237
 4558  7931
 7335  5328
  770  7841
 9213  8898
 6321  1731
 2212   764
 8340  9095
 4495  4084
 4311  9430
 2745  3325
 1825  6457
 3645   401
 7582  1156
 7012   406
 8500  3844
 8662  2694
 2902  6632
 7930  3229
 8090  7056
 1837  8922
 5361  4379
 6448  1441
 7650  8963
 3744   847
 1889  6500
 7098  7688
 4863  1228
 2147  8007
 6209  8904
 6884  2747
 4039  1462
 5111   804
 1747  1663
 9668  2987
 9078  9037
 1001  4956
  987  6268
 5756  8713
  978  5152
 8702  8343
 7644  7902
  583  8271
 7026  4286
 2330  4050
 6524  5233
  567   446
 2626  3848
 8093  2563
 2571  1336
 3257  4040
  409  5991
  784  3834
 6413  8673
 7587  3507
 8996  9185
 2483  8245
 2930  3010
 9906  5236
 4819  4697
 5625  4483
 4324  9422
 6598  3048
 9575  6369
 6604  8974
 1644  3284
 4261  5162
 6213  4313
  889  9384
 5848  5886
 8164   362
 1123  1097
 4389  1617
 7716  3790
 2752  3246
 8348  2264
 6437  6581
 6375  3277
 8942  6428
 1320  7626
 1989   258
 6656  9192
 1100   770
 8513  7173
 8463  6416
 3514  2036
  285  4031
 7687  8565
 9365  1112
 2152  2650
 5299  4799
 1765  6746
 9718  1975
 5784  4777
 1595  1853
 5233  1212
 8540  9764
 9063  2199
 6336   372
 6123  3435
 3070  8565
 5124   168
 3051  2262
 7489  1046
 9239  1064
 4157  4034
 7854  3382
 6835  7185
 6860  1833
  778  5452
 5653   331
 1507  3623
 3787  7346
 9491  8918
 2061  6441
 3798  7300
 3035  8977
 5138  2494
 1020  7612
  580  4414
 7675  6689
 2158   342
  192  7148
 9447  2103
  874  1319
 8011  9032
 2445  8433
 5571  7844
  435  8048
 9680  5357
 8973  5924
 6869  2282
 1712  6648
 3203  1463
 7600  5151
 2475  5267
 7462  8257
 5544  5454
 9092  8138
 5984  2733
 5622  3238
 7633  5692
 5764   541
 9314  4719
 5776  6980
 3025  6618
 4349  2432
 1970  1102
 6477  7590
  377  9099
 6985  2714
 2008  4613
 5725  5961
 6563  2085
 2751  4754
 2472  4898
 9662  9085
 6698  2324
  336  7411
 9719  1015
 2349  8762
 5877  5904
 9289  2539
 5192  6567
 6870  3786
 7849  3378
  258  9948
 1655  1938
 7265   314
 2655  4976
 2735  5218
  576  7893
 3019   870
 3091  2804
 7345  2470
 5896  2510
 6629   114
 3263  5369
  797  3537
 8173  7837
 5001   843
 7129  8462
 6522  2835
 4614  2304
 8247  8468
 1881  6012
 1479  3314
  878  4710
 3259  7102
 7755  7516
 7772  8552
 8872  7539
 1467  8215
 7455  8136
 4369  5263
 1178  9171
 6820  5444
 4527  2139
 6135  6039
 9130  3765
 3698  2387
 6190  6949
 2361  5146
  139  3246
 7803  4013
 1378  7833
 3592  7439
 7608  7638
 7656  5881
 3048  8517
  703  9340
 9090  2008
 2345  9009
 7401  6485
 9165  2575
 6682  5272
 9614  9362
 8315  7332
 1297  7074
 8652  9151
 7095  9484
 9911  2880
 3911  9480
 2938  9935
 8295  3532
 6771  2289
 7358  4879
 3740  5752
 7693   819
 5107  4433
 1949  7496
 2459  9916
 2948  1059
  574    12
 3362  1816
 2521  8331
 9485  4530
 2445   935
 8402  6903
 5179  7897
 9586  4325
 9512  3395
 8991  1108
 5645  3667
 8779  1677
 7696  8787
 8265  1827
 9934  7089
 6951  6196
 2346   920
 9427  6626
 1172  6175
 8892  4055
 6501   634
 5492   752
 1289  6485
 3133  3586
 2868  7277
 1866  3998
 5111  9441
 7778  5624
 9869  9272
 5304    36
 4688  4135
  154  7863
 5052  1810
 7596  1608
 9091   274
 4645  8120
 7796  9709
 4290  8206
 6980  6048
 3171  6661
 4517  5307
 3857  9740
 6089  4184
 1882  7909
 8611   540
 9898   897
 2919  2314
 5990   264
 1635  5678
 4525  4913
 1180  9485
 4550  1595
 9816  1028
 3909  5590
 6885  5487
 2774  8180
 5124  1605
 6972   750
 4124  5562
 8282    59
 6251  3346
 4244  5446
 2507  7220
   43  3340
 7990  6967
 8010  3801
 2442  8366
 2175  9416
 2637  5441
 2893  7579
 2150  7197
 6310   373
 7561  5752
 8719   601
 5123  9068
  829   617
 7875  2898
 7754  6949
 1592  1022
 3834   742
 8017  8104
 3673  9879
 2618  2929
 5021  6052
   92  1486
 6733  7217
 7536  3467
 1414  5741
 5315  5670
 6807  4346
 6864  1379
 7762  2383
 4517  2315
 3075  6514
 7147  4813
 2937  1276
 8298  5095
   85  3317
 2798    40
 7190  1720
 6728  1388
 9253  5967
 9963  8387
 5124  9481
 6320  7390
 9049  2511
 1901  6734
 2814  4949
 2169  9606
 7019  6106
 6773  7318
 7201  8648
 1823    34
  636  6438
 2114  9811
 3170   362
  214  2430
 5752  2567
 6518  2502
 4897  6950
 7555  7378
  220  5846
 6416  5307
 9655  4092
  685  4553
 2901  7219
 2063  8715
 3694  9432
 9758  3610
 5355  8224
 1210  2530
 1521  4334
  163  5798
 2587  9322
 9182  6557
 8226  1177
   37  3988
 4703  9531
 9090  4866
 4244  8754
 4720  3316
 1202  9063
  230  3608
 2969  6719
 4565  9806
 3981  1663
 6648  2485
 3862  3995
 6705  5356
 3290  4736
 2011  6673
 9463  8114
 4951  7532
 9945  3957
 7911  2524
 2741  6356
 7439  1806
 2543   747
 3026  8571
 5793  1100
 6324  3306
 9508  1997
 2192  4853
 4143  7951
 4052  1793
 5089  1830
 4755  5451
 9467  7453
 1120  5804
 2752  3312
 6147  6396
 4546  2195
  543  9692
 5890  6909
 7812  9363
 1232  5457
 4910  1719
 4416  5303
 8261  1602
 5383  6569
 8533  6029
 5330  6785
 5374  2120
 8283  9068
 6055  4588
 9658  1649
  806  6716
 5133  2923
 5663  5258
  156  5613
   81  1091
 3188  4618
 4589  6622
 6012  8717
 2098  7590
 8160  8241
 9311  7994
 8147  5086
 9350  4975
 2743  8721
 2645  7233
 7520  6607
 9336  8973
 3987  5888
  308  1329
 8727  2337
 1428  2477
 9648  5960
  631   791
 3659  6506
 9577  2056
  849  7533
 1082   444
 8712  9921
 1858  1850
  613  7108
 9115  3658
 8125  7833
 8249  8926
 3294  9928
 2310  5866
 5100  4538
 3845  9619
 6915  6883
 9150  2159
 9625  2982
 3443  4802
 1867  4382
 8798  1189
 1117  4670
 7542  6070
 9087  1616
 9385  9183
 9528  9008
 4937  6630
 8618  7139
 2488  7438
 4353   874
 3236  1162
 4859  6031
 3302   885
   49  7171
 2034  2311
 5689  2472
 6158  9845
 5726  4676
   44  6395
 3240  6387
 4531  3857
 9831  2879
 1552   159
 1822  1436
 3686  5619
 7054  1433
 9219  6268
 4325  2903
 4861  7797
 1758  1434
 6281  5339
 1732    10
 3034  6208
 5039  3681
 1531   852
 4738  8543
 5090  6153
 4855  6186
 5576  8366
 1575  7476
 5826  2065
  695  7107
 8757  4532
 4814  3855
 8220  2686
 6589  6763
 1374  3538
  285   385
  584  9804
 3807  1091
 5413  7391
 3882  7979
 9049  6288
 6093  5527
 3011  4216
 9350  2763
 8914   700
 6691  1666
 2416  8019
 6972  2902
 6602  9864
 9304  4215
 4748  2858
  769  3826
 4105  8330
 5610  3850
  464  8263
 4951  9801
 5081  9994
 7840  2857
 3381  8203
 4558  1847
 4016  1267
 4184  6524
 3597  9148
 4730  8476
 4775  7710
 1270  9664
 5519  3933
 5757  6728
 4886  6758
 5179  6321
 7265  5031
 2906  6026
 1593  7444
 9072  4971
 9757  3054
 5497  8099
 2243  6627
 9301  9832
 2702  1378
 1638  6035
 5368  7608
 7876  3360
 7722  8524
 1340  2191
 6314  7820
 1469  6262
 7054  7941
 2908  1477
 1491  5131
 8548  2745
 4569  5192
 3008  3224
 5229  6283
 6888  3241
 4221  8525
 7387  2963
 4542  7699
  180  9419
 3001  1329
 8626  6409
 9719  8523
 6097  9098
 2978  6537
 5837  7166
 5368  5610
 6175  7914
 5582  1686
 9748  7255
 6864  8706
 1037  3712
 5537  5470
   26  6639
 3215  8759
 9576  2046
 2703  2158
 9620   322
 9845  2962
 4659  9666
 1689  6568
 7138  8219
 8983  5074
 6856  7829
  906  2468
 8956  5893
 8865  5174
 8524  2622
  825  3647
   77  9253
 9127  1378
 9310  7986
 7600  4512
  372  9330
  460  7924
 9514  7104
   74  3491
 2814  8410
  234  9645
 9874  2602
 4418  6949
 4899  7831
  856  6368
 4965  7989
 4147  4366
 8864  7053
 6018  5621
 7276  8594
  676  5685
 2753  6635
 3350  1000
 2561  6482
 8201  1464
 3188  7482
 6303  1929
 5242  2978
 9184   759
 8090  7339
 1082  7411
 5220  7393
 7495   715
 5951  6226
 6277  2406
 2044  3918
 3128  1650
 3337   129
 8573  9392
 6818  5133
 7293  5899
 7767  8548
 6545  9317
 2724  5041
 3591   131
 6026  5289
 8030  5804
 5648  2961
 4759  8839
  285   944
 7248  7867
 8441  1567
  117  8337
  931  3420
 2251   547
 3317  3846
 5267  2497
 6110  8202
 3725  4173
 3202  6966
 9342   938
 3644  3359
 4628  5948
  838  6994
 8924   776
 3751  3389
 7073   142
  611  6512
 6987  5635
 9642   225
 7893  9499
 2254  1520
 4191  3644
 7764  1047
 9370  6969
 3113  9860
  587  8936
  474  9245
 1965  7884
 6048  7952
 7097  4632
  366  1101
  693  7929
 8556  2682
 3737  2185
 3243  7863
 8108  7383
 8953  8260
 6993  7981
   98  1834
 9861  3192
 7086  6229
  260  3952
 4604  2885
 7985  5995
 4441  2347
 3148  5309
 3702  5868
   47   872
 9381  4648
 4724  2515
 7154  8114
 7036  1169
 1642  1853
 6127  7892
 1631  5569
 4294  3420
 8985  7311
 7215  7029
 2444  9096
 7774  1228
 3328  6835
 7086  1995
 5272  3195
 3420   978
 4365  3738
 1674  9224
  985  3742
 9320  5936
 2374  5803
 6000  9319
 7447   368
 3378  8035
 5682  8949
 1080  8100
  979  6706
 3623   233
 1228  8276
 3511  8863
 1676   820
 7599  7071
 8264  6444
 3194  9687
 5996  3316
 7609  1350
 9639  9251
 8952  5809
 2205  8577
 3552  3352
