473760 212492
474782 207060
475048 204428
475440 203784
475468 211820
475496 206472
475552 211848
475594 210420
529928 206444
534996 200396
513856 221256
514094 227892
515634 226548
515760 224616
516558 227220
548380 442344
548940 441672
552160 432264
552384 438984
552412 432936
552412 435624
552412 439656
552468 434280
552720 436296
554036 434952
536858 414176
538048 412748
538160 414092
538174 412832
538860 414764
539266 414176
539350 412832
539420 413448
539574 412160
539728 414764
540414 413504
541072 414092
543452 414764
543802 414176
545160 414092
545580 412776
545720 414092
546140 414092
546350 414708
485072 521612
485142 519680
485296 522284
485380 520268
485856 522284
486388 520968
515284 516936
515872 517580
516292 515564
516432 516908
346906 178164
348194 178164
348530 178304
348740 177576
348866 178164
349608 177548
349622 178164
351148 178248
351218 180180
352254 178164
352436 176904
352702 176820
352926 178164
353878 176820
354158 177492
354550 176820
355558 178304
355894 176960
356076 177548
347340 174216
348250 174272
348698 174804
348838 174132
348936 174216
349538 174272
349608 174860
349720 175532
350154 174804
351876 174188
157164 230664
158144 228648
160132 228648
161042 229908
119812 272972
119826 265524
119826 265664
121926 287168
127344 287112
136696 442988
137116 440300
137158 441728
138460 445032
141274 444276
522396 203756
522732 202412
530306 207872
530586 207200
533694 207200
533778 206528
536578 205856
521346 209888
524104 206472
284312 561288
284452 562604
284452 564648
284536 561932
284564 557928
284592 558600
284676 561260
284704 559244
284844 560588
284900 564620
285124 561288
285208 557900
285348 561260
285376 558572
285404 560588
285488 564620
285656 559944
172956 479976
176148 459816
520940 205128
521066 215264
527058 206528
533806 205184
93128 413420
93156 413448
93716 413448
101416 415464
117992 404712
119000 404684
119056 403368
122500 406700
159376 494732
159908 507528
160524 493388
166628 508200
356468 180236
168812 488712
169834 508788
340284 506828
341208 508200
341404 507500
341488 508844
341544 506828
342160 510860
342188 510216
343140 506856
343308 507528
345044 504140
191198 352212
191282 349524
191366 349664
191422 347508
191422 348180
191478 351008
191590 352352
191730 348320
192122 350336
192850 346976
193130 348320
193774 350336
193942 348852
194194 349664
194390 350196
194558 347508
195230 349524
195790 349664
195902 347508
347340 178892
356216 180264
120820 258188
349888 476588
521276 510216
527100 523656
162722 503412
164150 503552
510048 520968
410256 524972
411180 524972
411516 524328
413322 522368
414414 521696
414554 521556
414554 522228
414554 522368
414666 520212
415758 522900
415898 523712
416010 522368
416682 522900
417634 523040
417718 522900
418390 522900
344204 507528
344204 508172
