948808 645680
948948 646044
949480 646352
949620 646044
950152 646352
951636 646352
964712 643664
965944 645680
966392 646044
966728 645680
969220 648368
969892 648368
970228 645008
971068 645008
972356 643356
972468 646716
972664 646352
972664 650076
972804 644336
973504 646352
382004 524048
788368 595644
991452 446096
991536 446768
991704 447132
992236 446096
992908 446096
1003772 599312
1004220 599004
1004640 591248
1006992 592592
1007664 592592
1007860 601020
1009036 594300
1009344 596988
1009372 593264
1009400 592956
1009484 592592
1009512 592284
1009708 594300
1009708 595952
1009848 594608
1009876 594972
1009988 595644
1010100 596988
1010156 592592
1010156 593264
1010184 592284
1010184 592956
1010380 595952
1010492 594300
1004696 606396
1004724 607068
1004836 607376
1005004 608048
1005228 606032
1005620 606396
1005648 607068
1005648 607376
1005816 606032
1005844 608048
1006068 607740
1006320 608720
1006488 607068
1006628 607376
1007636 607068
1007776 607376
1014692 609756
1014832 613116
1015224 611408
1015280 611100
1015700 609084
1015840 608720
1016036 607376
1016092 608412
1016148 613788
1016372 609084
1016876 607068
1016932 612080
1017548 607376
