195720 279174
196084 278502
196532 278222
196868 277830
197008 279174
197092 275534
197092 280910
197148 277550
197428 277158
197456 279846
197708 280238
197792 281862
198324 282254
198408 282534
198520 283598
198548 280910
198576 279566
198576 283878
198604 283206
198912 281582
199164 281190
199388 282254
199976 285222
200116 284942
200172 280910
200200 289926
200284 285614
200284 285894
200340 283206
200340 283878
200368 282926
200564 291270
200732 280238
201124 274862
201180 290990
201236 286958
201292 284270
201320 289254
201404 281862
201460 282534
201460 284550
201460 286286
201460 288582
201460 288974
201488 282254
201824 289926
221116 291942
221452 292334
223272 290598
223384 292334
223636 301070
223832 296646
223832 299054
224168 303086
224364 297318
224448 307398
224644 304430
225036 300006
225232 306446
225260 303086
225792 303758
226156 305774
226156 306054
226520 305382
226688 304430
226716 301350
227192 304038
227528 302414
227584 303086
227612 301742
227640 304710
228004 306054
228396 308462
229236 304430
229432 303758
229488 302414
230244 302694
230720 302022
214676 290990
215096 293006
215124 294630
215208 288974
215208 292334
215208 293958
215208 295302
215208 298382
215348 292334
215600 287910
215656 288302
215712 286286
215712 289646
215712 290990
215796 285894
215796 291942
215824 297318
215852 296366
215880 287630
215880 293958
215880 295302
216020 286958
