293384 830172
294420 837312
294784 831936
294896 828828
294896 829500
294896 830172
294896 830844
294896 831516
294896 834876
294896 836220
294896 836892
294896 837564
296142 833308
304220 818748
304220 821436
304220 829500
304220 830844
304416 831264
304528 836892
304640 833952
304780 836416
305592 825216
305704 816732
305956 829920
306292 828828
308560 811104
308560 812028
308560 812700
308560 813372
308560 814044
308560 814716
308560 815388
308560 816060
308560 816732
308560 817404
308560 818076
308560 818748
308560 819420
308560 820512
308560 821184
308560 821856
308560 822528
308560 823200
308560 823872
308560 824544
308560 825216
308560 825888
308560 826560
308560 827232
308560 827904
322336 853020
323260 820512
323260 821184
323260 821856
323260 822528
323260 823200
323260 823872
323260 824544
323260 825216
323260 825888
323260 826560
323260 827232
323260 828156
323260 828828
323260 829500
323260 830172
323260 830844
323260 831516
323260 834876
323260 835548
323260 836220
323260 836892
323260 837564
323260 838236
323260 838908
323260 839580
323260 840672
323260 841344
323260 842016
323260 842688
323260 843360
323260 844032
323260 844704
323260 845376
323260 846048
323260 846720
323260 847392
323260 848064
323260 848988
323260 849660
323260 850332
323260 851004
323260 851676
323260 852348
323260 853020
323260 853692
323260 854364
323260 855036
323680 836640
324506 833308
324716 786492
324772 785148
325136 787584
325192 784896
325472 787164
325500 786912
325584 787836
325640 786492
325808 784672
325864 787584
326172 784896
326368 785148
326732 785568
327152 784224
327488 785344
327544 787836
327656 788508
327936 791196
328132 790720
328244 789180
328440 786912
329028 789852
329364 790272
329504 787164
329700 789852
330372 789852
330428 787584
330820 790076
330848 788508
331100 789600
331408 785820
331576 789180
331688 785148
333200 789852
334404 786716
334460 783804
334516 784476
335328 790272
336084 788256
337176 784672
337176 788508
337260 789600
337848 788508
337848 788928
337960 789852
338548 789852
338730 783552
338800 784224
340732 788928
321412 758688
321412 774144
321482 766892
329364 773724
330596 776160
333228 779100
333732 778848
334264 779520
334292 774816
334936 778176
335916 774816
336196 779520
336308 778848
337652 773724
337932 777084
338212 778176
338604 776832
339528 775488
339584 774144
339808 779520
340424 777756
340732 779772
340844 777504
340984 774816
341040 775740
341320 778428
341460 777756
342048 775488
343084 774396
343364 775936
343728 776412
343952 773948
344344 775936
344792 776412
344960 774592
345072 773724
346136 775740
346528 774620
347088 775068
345324 700896
345772 700896
345968 701148
346332 702492
346472 700672
347032 703584
347284 702240
347676 701148
347816 700224
348264 702240
348320 698656
348348 701820
348824 700476
348880 701148
349300 700896
349300 704508
349468 705852
349720 698880
349720 703164
350056 699132
350196 705852
350672 704508
350700 699804
351064 705180
351176 704256
351288 707196
351400 698880
351680 701568
351736 699804
351904 705600
352856 701568
353780 704508
354032 701568
354508 705600
354592 702492
354844 703164
354872 701820
355040 705600
355572 706524
356440 703836
356944 703584
357196 704256
357308 703584
357420 703164
357616 705600
358204 703584
358232 703836
358988 705180
360080 704928
360780 706272
324520 732480
324716 738528
326032 732928
326368 736764
326564 738108
327292 732956
328104 734496
329980 731388
329980 734496
331324 730464
331716 737856
331800 732060
332192 732480
332220 740124
332472 737436
332556 741888
332584 737184
332780 734972
332892 740124
333032 736512
333452 739872
333494 737436
333508 734076
333816 733600
334068 734748
334124 738780
334152 726432
334376 731808
334628 727552
334712 736988
335048 734272
335160 723744
335188 726208
335300 737660
335356 729372
335356 732284
335440 741020
335468 743232
335496 731808
335552 736512
335608 721728
335650 737436
335664 722176
335664 733404
335692 722652
335860 743680
335888 735616
336000 741888
328300 713244
328468 714336
330596 720384
330638 715680
331100 713244
331436 725340
331492 704256
331492 714140
331688 709212
331940 706272
332136 723072
332164 708540
332304 720636
332612 704928
332724 706524
332780 703584
332948 713664
333228 709632
333340 717696
333620 710780
333620 716828
333732 719516
333788 714784
333816 705852
333844 704508
333844 714812
333928 710304
333928 713916
334096 712572
334124 718844
334236 718620
334292 705180
334348 721504
334600 707616
334656 718144
334908 720384
334936 717276
334992 708540
334992 714812
335244 715456
335272 705600
335440 719488
335468 704508
335552 716128
335664 705180
335748 719516
335860 717500
335888 718816
336028 718144
336392 705180
319214 722596
320040 723996
320040 724668
320040 725760
320040 726432
320040 727104
320040 727776
320040 728448
320040 729120
320040 729792
320040 730464
320040 731136
320040 731808
320040 732480
320040 733152
320040 734076
320040 734748
320040 735420
320040 736092
320040 736764
320040 737436
320040 738108
320040 738780
320040 739452
320040 740124
320040 740796
320040 741468
320040 742560
320040 743232
320040 743904
320040 744576
320040 745248
320040 745920
320040 746592
320040 747264
320040 747936
320040 748188
320040 748608
320040 749280
320040 749952
320404 720384
320404 723744
320404 730716
320516 723324
320712 742812
321384 720636
325220 745724
325416 747936
326060 743708
326424 745696
304136 709632
304220 709212
304724 709632
304724 710556
304892 708288
304948 709212
305508 711228
305536 709884
306768 709212
306936 708960
307216 710304
307552 710556
307720 708288
307804 707868
307804 709632
307804 709884
307804 710976
307916 707196
308252 706720
308560 711648
308616 708540
308616 710976
308644 709884
308756 709212
308952 708736
308980 710304
309232 709632
309288 708288
309288 710976
309400 706272
309456 705600
309876 709884
310100 708540
310156 704928
310296 705852
310324 704032
310464 705600
310576 710976
310604 709884
310660 708288
310688 704256
310800 710304
310884 709212
311248 710976
311332 707616
311612 708960
311780 704704
311864 706048
312312 708288
312928 707868
323232 640220
323260 665952
323624 654108
323680 662172
323680 662592
323708 661500
323708 661920
323736 655452
323764 663936
323848 645120
323876 643776
323876 644448
323904 639072
323904 639996
323904 640668
323904 641340
323904 642012
323904 642684
323904 643356
323904 644028
323904 644700
323904 645372
323904 646044
323904 646716
323904 647388
323904 648480
323904 649152
323904 649824
323904 650496
323904 651168
323904 651840
323904 652512
323904 653184
323904 653856
323904 654528
323904 655200
323904 655872
323904 656796
323904 657468
323904 658140
323904 658812
323904 659484
323904 660156
323904 663516
323904 664188
323904 664860
323904 665532
323904 666204
323904 666876
325038 661948
313124 685692
314664 685692
317352 642012
317352 646044
317352 649824
317352 658140
317352 680736
317436 687456
317576 668640
317604 685440
317660 684348
317660 685020
317716 667548
317716 680988
