1148 617148
1148 620928
1456 617568
1456 624540
1512 623616
1540 611772
1540 613536
1540 625884
1764 610176
1764 614880
1820 612864
2156 621180
2268 615552
2352 614460
2380 612444
2436 607068
2464 610848
2492 624288
2548 625212
2632 622944
2660 613536
2744 608160
2800 622524
2912 615804
3024 613788
3388 627648
3528 624960
3752 623420
3864 617568
3920 614208
4032 629916
4172 606396
4228 613788
4256 628572
4536 630784
4536 631260
4564 620256
4620 615132
4732 627900
4844 622524
5236 623420
5320 621180
7560 632352
8148 634816
8904 635488
9044 634816
9464 633276
9828 635516
10304 633948
1288 751968
1736 763392
2352 748608
2352 749952
2660 750204
2744 751296
3808 751548
4004 755580
4256 772380
4676 750204
4844 750624
4984 752640
5880 751968
8092 763644
8568 766080
8596 761628
9268 765660
9800 767004
9884 769916
10108 772380
10976 756672
11704 762300
11732 757596
12404 752640
12488 756672
12824 755580
12964 758688
13552 757596
13552 761376
13580 756000
14252 759612
14952 755328
14980 754656
15008 760032
15176 753564
15288 750204
15484 754236
374864 1186080
375004 1186752
376544 1186080
377006 1200472
377580 1186080
378392 1186332
378756 1186080
380072 1186332
380100 1190364
380716 1191036
381192 1190364
381220 1189020
381892 1186332
381892 1189692
382620 1186332
382788 1192380
382928 1197756
383040 1191708
383124 1186080
383796 1197756
383824 1198176
383992 1195740
384104 1186080
384104 1191456
384244 1191708
384468 1197756
384916 1197504
384972 1197084
385336 1191932
385588 1197504
386260 1196608
386820 1190784
386904 1194620
387240 1192128
387716 1194396
387884 1193248
387912 1197756
387968 1196160
388136 1196832
388192 1193724
388360 1197084
388416 1197504
940856 1387008
942284 1384320
942452 1386140
942620 1387260
942648 1386112
942732 1385244
943628 1385440
943768 1384768
943880 1386588
944524 1387680
944944 1384124
945000 1385244
945364 1383648
945420 1384768
945868 1384320
946204 1385440
946204 1386336
946484 1386588
946848 1386112
946960 1384768
947520 1385440
949172 1383228
949200 1384124
949424 1385468
949648 1385244
950096 1378944
950180 1378272
950180 1379868
950432 1380960
950628 1382976
950768 1379616
951020 1377600
951048 1378048
951244 1381884
951440 1382108
951524 1381632
951636 1379196
951776 1379868
951832 1380092
952084 1380960
952196 1381632
952224 1378524
952308 1379196
952476 1376508
952588 1378944
952672 1383228
952728 1377376
952812 1381884
934304 12572
935004 13692
935116 14112
935228 13440
935256 14364
935480 12544
935564 14784
935900 15708
935984 11424
936096 15456
936124 12096
936628 12348
936656 11872
936656 14112
936712 12768
936740 10332
936768 13888
936796 13020
936824 11228
936936 12096
937272 15036
937412 12348
938028 10556
938084 14112
938112 13020
938196 11424
938616 11004
938644 11900
938756 10080
939008 12544
939232 11676
939260 14112
939540 10752
939540 12768
939624 13440
940436 13440
941052 12096
941164 13020
941192 11676
941696 12348
941808 13440
942564 11676
943040 10752
943236 9660
943292 11004
943908 10080
944048 11004
944076 8316
944272 9408
944636 7644
274316 316960
280196 323008
282520 314272
283416 314272
283752 312480
283752 312732
283752 313152
283752 313404
283752 313824
283752 314076
283752 314496
286384 319200
286664 329084
287532 319200
287532 319452
287532 319872
287532 320124
287532 320544
288260 319200
288260 319452
288876 328412
290444 327516
290528 327264
291452 325248
293356 321468
294364 327264
294700 319452
295092 325248
295246 321888
295372 319004
295372 321216
295372 324576
296352 327264
297164 323484
297752 324576
298760 327264
299124 330624
299600 330876
300580 330624
300692 329280
300804 328860
380688 216832
380716 202944
380716 221760
380884 207648
380940 227612
381024 226940
381080 203868
381108 206304
381136 201600
381164 214368
381234 207228
381248 198912
381276 213472
381290 200536
381360 203392
381360 211484
381360 219996
381388 204288
381528 220864
381640 213024
381920 201180
382004 207424
382172 209916
382256 216636
382676 200032
382732 212800
382732 218876
382844 200508
382956 226044
383208 204288
383264 223776
383348 202524
383376 221760
