324828 680624
324856 680316
324884 677628
324884 680988
325248 679644
325332 678972
325332 681660
325416 681296
325500 680624
325528 680316
325556 677628
325556 680988
326032 677936
326592 680624
326816 677936
326984 680988
327040 674576
327040 677628
327180 676956
327264 680624
327908 677264
304332 835856
304752 835184
304864 834512
305116 835856
305200 834876
305424 835184
305928 834512
306488 835184
307160 835184
307356 834512
307440 832496
342636 873180
343588 884912
343672 882896
344064 886256
344092 882896
344120 886620
344148 885276
344568 885276
344596 884912
344596 885584
344624 885948
344736 886256
345156 886620
354928 867804
357112 866460
357840 866460
423724 204176
424956 203868
426944 204176
430612 209244
431424 209244
767844 609756
768516 610064
768600 609084
769496 607740
782138 594804
380240 282800
380436 273084
380968 286160
381136 272720
381220 285852
381388 267708
376614 491988
378756 485072
380730 484596
381276 450128
381276 458556
380268 420252
381052 421904
347620 231420
1094632 827484
136220 174972
1070944 625520
1097852 157500
1107988 144060
1107988 144732
1112944 137340
1113476 147056
1128092 27440
1128092 47600
1143520 48944
1143744 49308
1144192 48944
1144444 49616
1145284 50652
1145312 49308
1055572 244496
288988 1007216
