255698 507616
256548 506656
263498 507616
263748 507104
271248 507616
271548 507104
272098 506656
272498 507616
273348 506656
273848 507616
273898 507104
275098 507616
279598 507616
280848 507616
280948 507104
281498 506656
282298 506144
282348 505696
282948 505184
283548 506144
288048 507616
288348 507104
294898 507616
296298 506144
310248 507616
310298 506656
310298 507104
311498 507616
311548 506656
311548 507104
311748 506144
313048 507616
320098 507616
321348 506656
321448 507616
321498 507104
3402 325664
4548 316064
5402 314656
7202 323296
7502 324704
7902 323744
8952 324256
9402 315104
10252 317024
10648 320416
10702 316064
10948 325216
11502 322336
11752 325216
11798 319904
11852 324704
11898 317536
12298 317984
12502 320864
13198 322336
13448 318944
13998 318496
14048 322784
14052 323296
14102 319456
14148 317984
14298 317536
14548 316576
14648 321824
14848 317024
14848 320864
15298 318944
15552 319904
16498 320416
16548 321376
16648 322336
16998 321824
17948 321376
18898 320416
19398 321376
19648 320864
69648 507616
69698 507104
70898 507616
70948 506144
70948 507104
71148 506656
72048 505696
72448 507616
72498 507104
72598 506656
73248 506144
73698 507616
73748 507104
73848 506656
75098 506656
75248 507616
75298 506144
75298 507104
76298 505696
76448 506656
76498 507616
76548 506144
76548 507104
77598 505696
77698 506656
78048 507104
78098 506144
78348 507616
78848 505696
78948 505184
79348 506144
79348 507104
79798 506656
80098 505696
80848 507616
80898 507104
81048 506656
81098 506144
82098 507616
82148 507104
82298 506656
83498 507104
83498 507616
84748 507616
322598 506656
322698 507616
322748 507104
324248 507616
327048 507616
328298 507616
328548 507104
329148 506656
329848 507616
329898 507104
330398 506656
330698 506144
331098 507616
331148 507104
331248 505696
331348 505184
331648 506656
332098 504736
332498 505696
332698 505184
332748 504224
332898 506144
333348 507616
333648 507104
333948 506656
334148 506144
334848 505696
335198 506656
335498 505184
335498 506144
336048 507616
336098 505696
336348 507104
336698 506656
337948 506656
338248 507616
338298 506144
338298 507104
339198 506656
339498 507616
339548 506144
339548 507104
340448 506656
341048 507616
341098 506144
341098 507104
341698 506656
342298 507616
16902 263776
17052 266656
18548 268576
18752 269984
18798 262304
18848 269536
19002 266144
19298 269024
19302 261856
19552 266656
19602 268064
19648 265696
19652 263264
19898 276256
20048 275296
20348 263776
20352 267104
20352 274784
20402 268576
20448 269984
20452 262816
20598 270496
20648 273376
20802 266144
20802 266656
20848 270944
20852 268064
21048 272416
21102 265184
21148 267616
21398 271456
21448 275744
21498 261344
21502 273824
21898 276256
22148 275296
22152 272864
22248 267104
22702 275744
23452 267616
23602 266656
24202 265696
24402 266144
25298 265184
25298 266656
26298 265696
27448 279136
27798 280096
27852 279584
27998 277216
28548 276256
28652 276704
28698 275296
28702 280544
29198 278624
29498 281504
29548 273824
29748 277216
30098 275296
30298 275744
30302 274336
30602 278176
30748 279584
30898 280544
31348 281504
31352 280096
31402 279136
31648 281056
32048 275744
32802 281056
32948 279584
34198 282016
34748 279136
34798 279584
35098 281056
36098 280544
36248 278624
36798 279584
37198 281056
37248 279136
37848 278176
37902 278624
37948 280096
37998 281504
39602 280544
40098 280096
40298 282016
41452 279136
41498 279584
42702 279136
43148 278176
77498 340064
77848 338656
77848 339104
77848 340576
77848 341536
77848 342944
77848 343904
77848 345376
77848 346336
77848 347744
77848 348704
80698 352544
80848 352096
84598 353056
87798 352544
92248 352096
93448 358304
93498 352096
94898 358304
96898 371744
96998 352096
98702 343456
100198 345824
106798 347296
108048 347296
109402 348704
118798 345376
74648 308384
74648 308896
74648 309344
74648 309856
74648 310304
75898 308896
77748 290144
77748 298784
77748 305056
77748 312736
77848 287776
77848 289184
77848 291616
77848 292576
77848 293984
77848 294944
77848 296416
77848 297376
77848 299744
77848 301216
77848 302176
77848 303584
77848 309856
77848 311776
77848 313696
77848 315104
77848 316064
77848 317536
77848 318496
77848 319904
77848 320864
77848 322336
77848 323296
77848 325216
77848 325664
77848 327136
77848 328096
77848 329504
77848 330464
77848 331936
77848 333344
77848 334304
77848 335776
77848 336736
49698 255584
50298 258016
50448 258464
50548 257056
50952 256096
51048 257504
51848 253216
51852 254176
51902 258016
52102 252704
52298 247456
52298 259424
52398 247904
52552 254624
52552 257056
53098 253216
53302 253664
53348 245536
53502 249376
53548 247456
53648 250784
53848 248416
53948 244576
54002 256544
54152 246944
54352 247456
54502 256096
54598 252704
54698 258016
54748 248864
54952 250336
55948 248416
56098 258464
56148 249376
56352 253216
56352 256096
56502 251296
56748 254176
57052 257056
57402 252256
57552 254176
58452 255136
58352 250784
59098 252256
59102 250336
59602 250784
59848 249376
59848 254176
59902 252256
60002 246944
60348 253216
60352 251296
60498 248416
60502 253664
61075 257461
61098 254176
61152 253216
62198 255584
62202 256096
62248 254624
67448 263264
67648 260896
69048 263776
77748 271456
77748 285344
77848 266144
77848 267104
77848 268576
77848 269536
77848 271904
77848 273376
77848 274336
77848 275744
77848 276704
77848 278176
77848 279136
77848 280544
77848 281504
77848 282976
77848 283936
77848 286304
80848 263776
57202 242656
57748 238816
57902 246944
58198 247904
58348 239264
58348 239776
58348 241184
58552 243104
58598 245536
59598 241184
60098 245984
60198 242144
60402 241184
60698 244576
60702 246496
61248 240736
61498 242144
61848 247456
61948 245024
62548 242656
62748 241696
62798 250784
63048 245536
63398 244064
63398 246496
63452 249376
63502 247456
63798 242656
63948 252704
64048 250784
64248 243616
64348 241184
64698 252256
64748 253216
64998 241696
65002 245536
65052 243104
65098 240736
65098 250336
65152 241184
65298 250784
65348 245024
65448 246496
65702 251296
66048 242144
7202 180704
12902 179744
14002 180256
16602 178784
20402 179296
21202 179744
22152 174944
22252 178784
22702 180704
25452 181664
25702 175904
31398 184544
32948 178336
35102 178784
39925 187381
41652 175456
43902 179296
44048 168736
45352 187936
46952 183584
61052 216736
61898 219616
61948 220064
62402 217696
63302 224416
63348 220576
63602 218656
63952 224864
64352 219616
64998 213344
65248 214304
65298 215264
65298 216224
65298 218656
65398 222944
65452 217696
65552 214816
65898 221024
65898 222496
65902 228256
65948 216736
66102 218144
66302 215776
66548 218656
66802 224864
66852 223456
66948 220576
67748 216224
67798 218656
67952 221536
68498 221984
68598 224416
68698 223904
68748 218144
68748 220064
69048 218656
69298 224864
69598 226336
69602 219104
69698 219616
69948 220576
69998 222944
70748 221984
6402 205216
8452 201376
20202 194656
22752 199904
31652 210016
33252 197984
35152 195104
40175 197941
45398 198944
46748 212384
48448 212384
51798 202336
51852 211936
60052 213344
61098 212896
61748 213344
62802 211936
62998 213344
63302 213856
63448 212384
64698 212384
64548 210976
64752 210464
65152 211424
65552 210016
65948 212384
66398 212896
66752 213856
67075 209461
67075 210421
67798 212384
68298 211424
68398 214304
68548 213344
69548 210976
70098 216224
70148 211424
70498 211936
70548 213856
70798 217184
70898 214816
70898 216736
71248 218656
71498 214304
71548 218144
71602 217184
71798 211936
71898 213344
72098 219104
72148 216224
72398 212896
72402 214304
72548 211424
73248 213344
73298 211936
73398 210976
73498 210464
74252 209056
74452 210464
74648 209504
75098 211424
75598 210016
76098 208544
76748 205216
77998 208544
79248 208544
67198 247456
67452 234016
68198 250336
68298 234464
68648 246944
68648 251744
68948 249824
69202 234976
69548 247904
69598 248864
69648 235936
69948 250784
69952 238304
70052 244064
70152 245536
70248 242656
70302 245984
70348 236896
70752 246496
70898 247456
71148 242144
71198 250784
71648 238304
71648 240736
71698 241696
71752 245024
71802 248864
72002 246496
72198 249824
72298 242656
72352 241184
72498 239776
73202 245024
73448 248416
73698 239264
73698 246496
73798 241696
73952 245984
74398 249824
74498 246944
74498 250784
75102 250336
76748 246496
84802 227296
86098 227744
86498 229216
86898 238304
87148 237856
87648 239264
87848 231136
87998 237344
88102 228704
88148 238304
88648 236384
88998 232544
89448 239776
89648 235936
89698 231136
89748 234016
89948 229664
89948 230176
89948 236384
90048 233056
90048 240736
90098 239264
90198 238304
90248 232544
90998 234016
91148 231136
91198 236384
91398 233056
91648 237856
92102 232544
92198 231584
92198 234976
92398 229664
92398 230176
92448 227744
92602 236384
92648 233056
92802 228704
92948 235936
93198 234464
93298 230624
93598 226784
93602 228256
94298 231136
161148 343456
162298 342944
162302 344416
162498 342496
162548 343456
162848 340576
164098 343904
170798 334304
170998 336224
171598 335776
172248 336224
172398 344864
173498 336224
173798 334304
174448 335264
174498 333856
174998 335776
174998 336224
176548 348256
177748 349216
177798 336736
177798 338656
177798 339104
177798 340576
177798 341536
177798 342944
