113792 402668
114240 403340
114352 402668
114800 403340
115108 403368
115136 402696
115248 404040
115332 402668
115360 403340
115528 402024
115556 404012
115668 403368
115752 405356
116032 401352
116592 397964
116704 397320
117880 403340
146748 154700
146748 155372
146748 156044
148204 154028
148316 160748
149632 160748
149772 156744
150192 160748
151200 157388
155134 157332
155148 156716
155400 156072
155400 156744
155708 156716
205716 129836
208796 131180
208824 130508
209188 129864
209356 131180
209384 130508
209440 130536
191016 131208
191016 131880
191016 132524
191016 132552
191016 133868
191156 134540
191212 134568
191296 131852
191436 133224
191464 133896
191520 133196
191576 131208
191576 131880
191576 132524
191576 132552
191576 133868
191716 134540
191772 134568
192444 136556
192472 136584
192584 135912
192584 137256
192612 134568
192612 135212
192696 134540
192920 137228
193032 136556
193032 136584
193144 135912
193928 136584
219240 129164
219240 129192
219240 129864
219296 130508
219968 131852
238924 103628
239344 105000
239344 105644
239372 100296
239512 100940
239596 103656
239624 104972
239736 100268
240380 102984
242452 99596
243656 102312
245112 103628
246484 102956
265888 121800
266000 122444
266140 121772
266224 122472
266224 123116
266224 123788
266224 123816
266364 123144
266448 121800
266504 124460
266560 122444
266700 121772
266784 122472
266784 123116
266784 123788
266784 123816
266924 123144
267092 124488
267120 122444
267260 121772
267428 121800
267484 123788
267596 123144
267652 124488
267680 122444
267736 122472
267792 123816
267820 121772
267876 123116
267988 121800
268156 123144
268212 124488
265916 117740
266392 119112
266448 115724
266476 117740
266476 118412
266756 118440
266784 121128
266952 119112
267064 116396
267120 115080
267316 121100
268884 122444
269024 115752
272188 114380
223300 164108
224224 165452
224392 164136
224588 165480
224588 166124
224588 166796
224630 166880
224952 165452
225680 166152
225708 165480
226128 164108
226324 164780
226324 165452
226352 165480
226352 166152
226520 164808
227192 164780
227276 164136
227500 162120
221816 168812
221844 169484
222068 168840
222684 168168
223300 169484
223314 168756
223342 168084
223370 167552
223384 170156
223412 168168
224056 168812
224154 170772
224168 170184
224560 168840
224560 170156
224644 168812
224840 170828
224882 170240
225512 172844
225652 173544
225792 171528
226198 173600
224756 541772
212716 543788
214172 543788
214312 543144
214312 544488
214368 543816
214368 544460
214368 545132
214368 545160
214368 545804
214368 545832
214368 546476
214368 546504
214704 547148
214732 543788
214872 544488
214928 543816
214928 544460
214928 545132
214928 545160
214928 545804
214928 545832
214928 546476
214928 546504
215292 543788
197904 589484
198170 594272
198506 594944
199178 594132
200200 589512
200480 589484
200900 589512
201502 589428
201684 590156
202188 589484
202244 589512
202804 589484
202888 589512
203364 589484
204036 589512
204176 588812
204232 589484
204316 588840
204736 588812
205016 588840
199724 578088
200676 578732
201516 576072
201684 579432
201964 576744
201964 577416
202104 576044
202104 576072
202916 577388
203000 578060
203784 579404
204260 578760
245252 580776
246176 582092
462826 582848
463218 582036
463274 581364
463358 581504
464086 583380
464702 582708
465094 580832
465122 581364
465318 580160
465374 582036
465374 582708
465458 580692
465458 581504
452200 608328
452242 607040
452256 606284
453334 606228
453740 606312
454006 606228
454636 606312
454664 605640
454664 606284
454720 605612
454748 606956
455224 605640
455224 606284
455280 605612
525308 133868
525616 133896
526260 135240
527156 133896
528080 134568
528080 136556
528080 137228
528080 138572
528080 138600
528094 139188
528332 140616
529424 139916
529424 139944
529424 140588
529424 140616
529480 139272
529984 139916
529984 139944
529984 140588
523348 149996
524104 151340
524244 147980
524300 148680
524300 149324
524496 148008
524608 147336
524636 150696
524692 151340
524916 148680
524916 149324
526036 147308
526036 147336
526344 147980
527072 147980
527604 148652
528024 147980
477232 152012
477932 150024
478184 150668
479500 148680
479528 152012
480564 149324
480592 148652
473816 153356
473984 150696
474040 149324
475076 143276
475636 147308
475636 147980
475636 148008
475636 148652
475636 148680
475636 149324
477092 149324
474908 152712
483616 116424
483700 118440
483924 117768
484120 116396
484176 116424
484218 117012
485072 118412
485156 116424
485268 116396
486584 116396
486766 114996
488460 115752
489216 115752
490980 115752
491904 115752
493976 115752
520016 182280
520436 180264
520464 182280
520912 180908
521108 182252
521136 179592
521500 180908
522312 179592
522816 180264
522900 185640
523264 178248
523446 177632
523768 178892
523936 178248
524188 177576
533456 537068
533512 533708
533708 537768
533876 535052
534128 537768
536564 531692
537460 531048
538188 535052
538188 535080
538188 535724
538552 534380
538608 535052
538748 535724
510020 521612
511238 518196
511518 519680
512582 518336
515550 518868
516978 518868
518308 521612
520702 521024
520870 520352
521374 521024
522466 520352
451948 549864
452172 548520
452340 547848
452368 551180
452368 551208
452452 549836
452508 547820
452508 549864
452536 550536
453488 548520
453796 548492
463358 553952
463694 553280
463694 553812
463694 554624
464030 553952
464786 553280
465038 554624
465150 553140
465458 553280
466340 553896
468552 553868
468720 555884
469952 555912
451948 556556
452396 555912
453390 559188
453614 557312
453614 559860
453782 559328
453824 555884
