143547 2231277
143897 2192402
143897 2192877
143897 2194322
143897 2195282
143897 2197202
143897 2198162
143897 2199122
143897 2200082
143897 2202002
143897 2202962
143897 2203922
143897 2205357
143897 2206802
143897 2207762
143897 2208722
143897 2210642
143897 2211602
143897 2212562
143897 2213522
143897 2214957
143897 2216402
143897 2217362
143897 2218322
143897 2220242
143897 2221202
143897 2222162
143897 2223122
143897 2224557
143897 2226002
143897 2226962
143897 2227922
143897 2228882
143897 2229842
143897 2230317
143897 2230802
143897 2234642
143897 2235602
143897 2237037
143897 2238482
143897 2239442
143897 2241362
143897 2242322
143897 2243282
143897 2244242
143897 2246162
143897 2246637
143897 2248082
143897 2249042
145997 2189997
425447 1533842
426247 1532882
430347 1460397
430347 1462317
430347 1464237
430347 1466157
430347 1468077
430347 1470482
430347 1472402
430347 1474322
430347 1476242
430347 1478162
430347 1480082
430347 1482477
430347 1484397
430347 1486317
430347 1488237
430347 1490157
430347 1492077
430347 1499757
430347 1501677
430347 1503597
430347 1505517
430347 1507437
430347 1509842
430347 1511762
430347 1513682
430347 1515602
430347 1517522
430347 1519442
430347 1521837
430347 1523757
430347 1525677
430347 1527597
581197 1533842
581997 1532882
586147 1460397
586147 1462317
586147 1464237
586147 1466157
586147 1468077
586147 1470482
586147 1472402
586147 1474322
586147 1476242
586147 1478162
586147 1480082
586147 1482477
586147 1484397
586147 1486317
586147 1488237
586147 1490157
586147 1492077
586147 1499757
586147 1501677
586147 1503597
586147 1505517
586147 1507437
586147 1509842
586147 1511762
586147 1513682
586147 1515602
586147 1517522
586147 1519442
586147 1521837
586147 1523757
586147 1525677
586147 1527597
736947 1533842
737747 1532882
741947 1460397
741947 1462317
741947 1464237
741947 1466157
741947 1468077
741947 1470482
741947 1472402
741947 1474322
741947 1476242
741947 1478162
741947 1480082
741947 1482477
741947 1484397
741947 1486317
741947 1488237
741947 1490157
741947 1492077
741947 1499757
741947 1501677
741947 1503597
741947 1505517
741947 1507437
741947 1509842
741947 1511762
741947 1513682
741947 1515602
741947 1517522
741947 1519442
741947 1521837
741947 1523757
741947 1525677
741947 1527597
892697 1533842
893497 1532882
897747 1460397
897747 1462317
897747 1464237
897747 1466157
897747 1468077
897747 1470482
897747 1472402
897747 1474322
897747 1476242
897747 1478162
897747 1480082
897747 1482477
897747 1484397
897747 1486317
897747 1488237
897747 1490157
897747 1492077
897747 1499757
897747 1501677
897747 1503597
897747 1505517
897747 1507437
897747 1509842
897747 1511762
897747 1513682
897747 1515602
897747 1517522
897747 1519442
897747 1521837
897747 1523757
897747 1525677
897747 1527597
936103 661677
936347 661202
936347 666962
936647 664557
936847 665517
937253 667437
937297 666477
937447 668397
937697 659757
937747 663597
938347 664082
938703 668397
938797 663122
938947 661677
938947 662637
939847 665042
940097 667437
940347 659282
940697 666962
941497 665517
941547 668397
941597 664082
941647 665042
941747 659757
942097 661677
942297 670317
942497 668882
942797 666962
943097 665517
943147 661202
943247 662637
943247 667437
943247 669357
943397 663122
943497 659282
943497 666002
943747 663597
944247 669842
944347 664082
944553 668397
944697 665517
944747 658797
944803 662162
944897 661202
945097 666477
945197 662637
945197 665042
945197 670317
977197 158162
978147 137517
978147 138002
978147 139437
978147 139922
978147 141357
978147 141842
978147 143762
978147 144237
978147 145682
978147 146157
978147 147602
978147 148077
978147 149997
978147 150482
978147 151917
978147 152402
978147 153837
978147 154322
978147 156242
978147 156717
978147 157677
978147 158637
978147 159122
978147 166802
978147 167277
978147 169197
978147 169682
978147 171117
978147 171602
978147 173037
978147 173522
978147 175442
978147 175917
978147 177362
978147 177837
978147 179282
978147 179757
978147 181202
978147 181677
978147 183597
978147 184082
978147 185517
978147 186002
978147 187922
978147 188397
978147 189842
978147 190317
978147 191762
978147 192237
1048447 1533842
1049247 1532882
1053347 1460397
1053347 1462317
1053347 1464237
1053347 1466157
1053347 1468077
1053347 1470482
1053347 1472402
1053347 1474322
1053347 1476242
1053347 1478162
1053347 1480082
1053347 1482477
1053347 1484397
1053347 1486317
1053347 1488237
1053347 1490157
1053347 1492077
1053347 1499757
1053347 1501677
1053347 1503597
1053347 1505517
1053347 1507437
1053347 1509842
1053347 1511762
1053347 1513682
1053347 1515602
1053347 1517522
1053347 1519442
1053347 1521837
1053347 1523757
1053347 1525677
1053347 1527597
1204197 1533842
1204997 1532882
1209147 1499757
1209147 1501677
1209147 1503597
1209147 1505517
1209147 1507437
1209147 1509842
1209147 1511762
1209147 1513682
1209147 1515602
1209147 1517522
1209147 1519442
1209147 1521837
1209147 1523757
1209147 1525677
1209147 1527597
1359947 1859282
1359997 1876562
1359997 1877037
1360747 1858322
1364947 1835282
1364947 1837202
1364947 1839122
1364947 1841042
1364947 1842962
1364947 1844882
1364947 1847277
1364947 1849197
1364947 1851117
1364947 1853037
1364947 1881362
1364947 1883757
1364947 1885677
1364947 1887597
1364947 1889517
1364947 1891437
1364947 1893357
1364947 1895762
1364947 1897682
1364947 1899602
1364947 1901522
1364947 1903442
1364947 1905362
1364947 1907757
1364947 1909677
1364947 1911597
1364947 1913517
1520747 1907757
1520747 1909677
1520747 1911597
1520747 1913517
1520747 1920722
1520747 1923117
1520747 1925037
1520747 1926957
1520747 1928877
1520747 1930797
1520747 1932717
1520747 1935122
1520747 1937042
1520747 1938962
1520747 1940882
1520747 1942802
1520747 1944722
1520747 1947117
1520747 1949037
1520747 1950957
1520747 1952877
1520747 1956717
1520747 1958637
1520747 1960557
1520747 1962477
1520747 1964882
1520747 1966802
1520747 1968722
1520747 1970642
1520747 1972562
1520747 1974482
1520747 1976877
1520747 1978797
1520747 1980717
1520747 1982637
1520747 1984557
1520747 1986477
1520747 1988882
1671347 1533842
1672147 1532882
1676347 1452717
1676347 1454637
1676347 1456557
1676347 1460397
1676347 1462317
1676347 1464237
1676347 1466157
1676347 1468077
1676347 1470482
1676347 1472402
1676347 1474322
1676347 1476242
1676347 1478162
1676347 1480082
1676347 1482477
1676347 1484397
1676347 1486317
1676347 1488237
1676347 1490157
1676347 1492077
1676347 1499757
1676347 1501677
1676347 1503597
1676347 1505517
1676347 1507437
1676347 1509842
1676347 1511762
1676347 1513682
1676347 1515602
1676347 1517522
1676347 1519442
1676347 1521837
1676347 1523757
1676347 1525677
1676347 1527597
1827097 1533842
1827897 1532882
1832147 1460397
1832147 1462317
1832147 1464237
1832147 1466157
1832147 1468077
1832147 1470482
1832147 1472402
1832147 1474322
1832147 1476242
1832147 1478162
1832147 1480082
1832147 1482477
1832147 1484397
1832147 1486317
1832147 1488237
1832147 1490157
1832147 1492077
1832147 1499757
1832147 1501677
1832147 1503597
1832147 1505517
1832147 1507437
1832147 1509842
1832147 1511762
1832147 1513682
1832147 1515602
1832147 1517522
1832147 1519442
1832147 1521837
1832147 1523757
1832147 1525677
1832147 1527597
1987947 1570322
1987947 1572242
1987947 1574162
1987947 1576082
1987947 1578002
1987947 1579922
1987947 1582317
1987947 1584237
1987947 1586157
1987947 1588077
1987947 1595282
1987947 1597677
1987947 1599597
1987947 1601517
1987947 1603437
1987947 1605357
1987947 1607277
1987947 1609682
1987947 1611602
1987947 1613522
1987947 1615442
1987947 1617362
1987947 1619282
1987947 1621677
1987947 1623597
1987947 1625517
1987947 1627437
1987947 1631277
1987947 1633197
1987947 1635117
1987947 1637037
1987947 1639442
1987947 1641362
1987947 1643282
1987947 1645202
1987947 1647122
1987947 1649042
2138597 1533842
2139397 1532882
2143547 1452717
2143547 1454637
2143547 1456557
2143547 1460397
2143547 1462317
2143547 1464237
2143547 1466157
2143547 1468077
2143547 1470482
2143547 1472402
2143547 1474322
2143547 1476242
2143547 1478162
2143547 1480082
2143547 1482477
2143547 1484397
2143547 1486317
2143547 1488237
2143547 1490157
2143547 1492077
2143547 1499757
2143547 1501677
2143547 1503597
2143547 1505517
2143547 1507437
2143547 1509842
2143547 1511762
2143547 1513682
2143547 1515602
2143547 1517522
2143547 1519442
2143547 1521837
2143547 1523757
2143547 1525677
2143547 1527597
2294347 1533842
2294497 1551122
2294497 1551597
2295147 1532882
2299347 1509842
2299347 1511762
2299347 1513682
2299347 1515602
2299347 1517522
2299347 1519442
2299347 1521837
2299347 1523757
2299347 1525677
2299347 1527597
2299347 1555922
2299347 1558317
2299347 1560237
2299347 1562157
2299347 1564077
2299347 1565997
2299347 1567917
2299347 1570322
2299347 1572242
2299347 1574162
2299347 1576082
2299347 1578002
2299347 1579922
2299347 1582317
2299347 1584237
2299347 1586157
2299347 1588077
2476697 1033682
2477797 1014957
2477797 1017837
2477797 1019282
2477797 1021202
2477797 1024082
2477797 1025517
2477797 1027437
2477797 1031762
2479897 1012077
2488197 1032722
2488197 1033197
2493947 1033682
2495047 1014957
2495047 1017837
2495047 1019282
2495047 1021202
2495047 1024082
2495047 1025517
2495047 1027437
2495047 1031762
2497147 1012077
2502447 1210322
2502447 1210797
2502447 1212242
2502447 1212717
2502447 1214162
2502447 1214637
2502447 1216082
2502447 1216557
2502447 1218477
2502447 1218962
2502447 1220397
2502447 1220882
2502447 1222317
2502447 1222802
2502447 1224237
2502447 1224722
2502447 1226157
2502447 1226642
2502447 1228077
2502447 1228562
2502447 1230482
2502447 1230957
2502447 1232402
2502447 1232877
2502447 1234322
2502447 1234797
2502447 1236242
2502447 1236717
2502447 1238162
2502447 1238637
2502447 1240082
2502447 1240557
2510247 1202157
2513147 1204077
2513147 1205037
2513147 1205522
2513147 1205997
2513147 1206482
2513147 1206957
2513147 1207442
2513147 1207917
2513147 1208402
2514747 1206482
2514747 1207442
2645947 902162
2645947 902637
2645947 904082
2645947 904557
2645947 906002
2645947 906477
2645947 907922
2645947 908397
2645947 909842
2645947 910317
2645947 911762
2645947 912237
2645947 914157
2645947 914642
2645947 916077
2645947 916562
2645947 917997
2645947 918482
2645947 919917
2645947 920402
2645947 921837
2645947 922322
2645947 923757
2645947 924242
2645947 926162
2645947 926637
2645947 928082
2645947 928557
2645947 930002
2645947 930477
2645947 931922
2645947 932397
2871197 718802
2872447 719762
2872797 680877
2872797 681362
2872797 682797
2872797 683757
2872797 685202
2872797 686162
2872797 687597
2872797 689042
2872797 690002
2872797 691437
2872797 692882
2872797 693842
2872797 694802
2872797 696237
2872797 697197
2872797 699117
2872797 699602
2872797 701037
2872797 701997
2872797 703442
2872797 704877
2872797 705837
2872797 706797
2872797 708242
2872797 709202
2872797 711122
2872797 711597
2872797 713042
2872797 714002
2872797 715437
2872797 716882
2872797 718802
2872797 719277
2874897 677997
2903347 717842
2903347 718802
2903347 719277
195797 2229842
195797 2230317
195797 2230802
208647 2217362
208647 2218322
208647 2220242
208647 2220717
208647 2222162
208647 2223122
208647 2224557
208647 2226002
208647 2226962
208647 2227922
208647 2229357
208647 2230317
208647 2230802
208647 2231277
208647 2234642
208647 2235602
208647 2237522
208647 2237997
208647 2239442
208647 2241362
208647 2241837
208647 2243282
208647 2244242
208647 2246162
208647 2247122
208647 2248082
208647 2249042
208647 2250962
208647 2251437
208647 2252882
208647 2253842
208647 2255277
208647 2256722
208647 2257682
208647 2258642
208647 2260562
208647 2261522
208647 2262482
208647 2263442
223447 2229842
223447 2230802
180997 2192402
180997 2192877
180997 2194322
180997 2195282
180997 2196717
180997 2198162
180997 2199122
180997 2200082
180997 2202002
180997 2202962
180997 2203922
180997 2205842
180997 2206802
180997 2207762
180997 2208722
180997 2210157
180997 2211602
180997 2212562
180997 2213522
183097 2189997
208647 2192402
208647 2192877
208647 2194322
208647 2195282
208647 2196717
208647 2198162
208647 2199122
208647 2200082
208647 2202002
208647 2202962
208647 2203922
208647 2205842
208647 2206802
208647 2207762
208647 2208722
208647 2210157
208647 2211602
208647 2212562
208647 2213522
