11004 659708
12516 660828
13020 661052
13412 661920
14084 660828
14224 663740
14700 658812
14840 657216
15092 656124
15176 655200
15176 663516
15736 654780
16044 662844
16156 660576
16184 660828
16212 659904
16464 656124
16744 653660
17080 660156
17108 652960
17360 659904
17444 652764
17472 655200
17696 654108
17724 663516
17752 661500
17836 660576
18004 652988
18116 661920
18228 653660
18256 660156
18620 663936
18676 663264
19152 652988
145866 187768
212982 1235780
79464 559552
79562 558544
80052 562268
80080 562940
80444 559580
80836 563612
81592 563612
81816 563584
81900 562240
82208 566496
83160 565404
83888 563612
84224 565824
84448 564732
84616 551712
84616 552636
84616 553308
84868 565152
84980 566496
85148 548828
85372 565824
85960 566076
86128 571452
86184 564732
86240 575232
86380 571200
86464 574140
86548 566748
86660 553504
86744 567840
87052 569184
87136 570780
87164 569856
87276 568092
87276 571452
89180 547456
91028 544096
96124 568316
79492 572124
79632 575708
80080 570528
80444 570780
80696 570108
80696 573888
80780 574812
80948 573216
81200 570528
81480 573888
81508 574560
81984 574140
82124 575232
82600 574560
82600 575904
82656 574140
82908 575484
83048 575232
83216 576156
83272 567840
83496 574140
83524 567420
83972 568512
84140 574812
84196 571452
84196 576156
84308 575904
84336 569856
84420 577248
84588 571872
84924 573468
84924 576828
85008 572544
85176 574812
85204 573888
85288 572796
85316 568512
85456 576156
85596 571872
85708 569184
85792 570780
85792 572124
85960 576576
86044 570108
86072 575484
86156 572544
86996 575484
87304 575904
87360 576576
87752 574812
73500 581280
73612 581952
73696 580608
74172 578172
74592 577920
74816 578368
74816 578592
74872 581532
74872 581952
75012 582204
75264 583548
75348 582624
75628 577724
75656 581952
75712 577696
76440 579068
76440 580860
76440 582204
76496 580188
76524 577724
76524 582624
76692 578172
76720 581532
76804 583968
77028 579936
77112 580608
77448 579264
77728 578844
77980 580188
78232 579936
78624 579264
78876 577500
79492 580188
80164 580188
80472 580860
80864 581280
81564 580188
82236 580188
82432 579936
82600 578592
82964 578592
83272 579516
83692 578172
84056 579068
84980 578172
85372 577920
85540 578592
86044 577500
86380 577248
87780 578172
63448 579712
64932 579712
66360 580608
68180 577248
68180 579264
68236 578592
68880 578172
69020 577248
69216 577500
69440 578592
69692 577248
69692 579516
69944 578844
70056 577248
71008 582204
71848 582204
72128 586656
72184 587328
73052 586908
73192 583548
73612 589344
73668 585984
73864 586908
74200 586236
74228 585564
74452 589596
74564 588924
74620 588000
74676 587580
74956 589344
75236 585984
75376 586908
75600 588924
75684 588000
75824 585564
75824 587328
75992 584892
76132 588252
76244 584640
77084 584892
77168 585312
77476 585564
77672 584640
78260 585984
78372 586236
78484 584640
78820 585564
79548 585312
79996 585984
55384 581056
55524 581952
56056 583100
56420 582400
56868 583072
57540 583296
58576 583744
61516 583548
65520 585312
66052 586236
66248 584220
66416 584892
67144 586236
67256 584892
67396 584640
67592 585312
67648 585984
67956 586236
68152 584220
68516 585564
68572 586656
69132 583296
69216 583968
69356 585984
69384 584640
69440 585312
69832 585564
69972 586236
70140 584892
70644 583968
70644 585564
70728 582876
70784 584640
70840 582624
71456 585564
71568 584892
72128 581532
72156 584220
72380 581952
72464 585312
72688 584640
72996 584892
73248 582204
73332 582624
73500 585312
73948 583296
74256 583968
74480 584640
74592 584220
74900 584892
54684 579264
55384 579040
56672 580412
56784 581056
57652 581056
60200 581056
61096 581056
62552 581056
62552 581084
64064 581728
65576 577248
66164 578844
66276 580860
66444 582624
66752 577500
66780 583296
66808 581280
66920 578172
66948 580860
67060 579516
67256 581532
67284 582876
67312 580188
67480 579936
67620 581532
67760 581952
67760 582204
67788 580608
68292 581280
68544 580860
69020 581280
69216 581532
69328 581952
69468 580608
70644 580188
70784 581280
71204 579516
71232 580608
71232 580860
71428 578592
71792 577500
72520 579516
72828 578592
72996 579936
73108 578172
73920 578592
74144 578844
74452 579264
75180 579936
75432 579516
50876 581728
51492 581056
51716 584444
52108 583772
52108 585788
52192 581728
52472 582400
52528 581756
52612 579740
53340 582428
53676 583744
54572 579712
56728 580384
56868 577052
56952 584416
56980 577696
57344 578396
57708 586460
57904 579040
58520 584220
58688 578172
58968 580412
59276 576380
59304 577696
59360 582400
59416 574364
59472 583744
59696 583100
59780 584444
59808 581084
59808 586432
59836 579712
59976 563584
60116 584892
60172 564284
60200 577052
60256 582400
60284 578368
60368 574560
60368 579712
60592 576828
60704 578396
60732 577696
60872 564256
61824 577920
61936 579068
44548 592704
44800 590492
45332 594524
45668 589792
45892 588476
45892 594524
46004 588252
46060 595196
46760 595168
46900 593852
46984 588000
47320 592508
47740 595392
47796 589120
48020 587804
48132 583072
48188 580412
48216 589820
48496 593180
48692 590492
48776 584444
48944 585564
48972 583100
49084 597184
49168 587804
49280 593376
49364 582400
49504 581056
49756 587132
49840 592480
49868 595840
50008 595168
50428 593852
50568 583072
50568 587132
50568 588448
50680 589820
50680 591808
51464 589120
51464 595196
51744 591136
51744 593180
51968 591612
52164 592480
52640 591136
52976 591808
53116 595868
53312 593852
54264 593180
52612 599900
53144 600572
53340 588476
53816 586432
53928 589120
53928 600544
54012 595868
54068 599004
54376 589820
54404 588000
54460 588448
54544 595868
55048 590464
55216 596988
55440 598556
55440 599872
55692 587776
55748 591164
55804 589120
56056 594496
56504 596736
56560 590688
56952 595168
57232 589820
57568 599200
58044 593152
58464 589148
58940 595196
59080 595168
59108 589820
59108 599900
59192 595868
59248 599200
59416 591164
59612 593852
59780 591836
60144 599200
60172 599228
60592 600572
60676 591836
61936 599872
62552 593852
63532 600544
63840 599872
64260 601244
64400 594496
65296 599200
60704 588476
61264 590492
61488 597184
61908 596512
62104 587104
62440 597212
62440 599228
63644 597856
64176 586432
64624 587328
64736 589148
65576 587580
65884 588252
66164 589820
66780 588924
66892 587580
67480 588252
67480 589344
67956 588672
68208 587580
68656 588252
68824 588672
69104 589344
69160 590016
69244 591360
69412 587328
69468 587580
69468 588924
69552 590688
69748 590268
69944 588252
70448 589344
70616 588000
70644 586656
70644 590940
70644 591360
70756 587328
70840 588672
71708 588252
71736 590492
71848 587580
71848 589344
71988 590268
72212 591808
72744 590492
72800 588924
72856 588000
73248 588252
73332 591164
73640 590492
31164 601692
32676 603036
34244 602784
36036 603036
36470 602784
38248 600768
40768 600348
42028 601244
42476 595196
42868 597212
43456 597184
43568 597856
44072 599200
44072 601244
44240 597212
44604 596064
44940 601888
45360 597184
45500 601244
45612 598556
45948 598528
46228 600572
46312 597884
46536 600544
47516 599228
47796 599200
48356 600572
49308 598556
50176 599872
50260 599200
50288 605920
50372 599424
50484 597856
50876 598556
50876 602588
50904 599200
51044 599900
51296 605948
51324 601916
51520 600544
51996 597856
52080 601216
52248 598528
52500 607936
53564 609308
54516 607936
44044 605052
44604 604604
44996 604576
45556 606396
46648 603904
47096 607936
47376 605276
47516 604128
47628 606592
47628 607936
48048 604604
48104 606620
48104 609280
48580 609504
48944 604604
49112 606592
49280 607264
49504 609308
49588 603932
50036 607292
50064 604576
50064 609308
50876 604604
52052 603932
52052 605248
52528 605948
53228 605276
53648 605920
53984 604604
54516 603932
54516 604576
55188 602560
55188 605920
55244 603260
55524 609308
55692 610428
55832 605248
56196 606620
56280 608412
