2897 2296087
2947 2290327
3397 2294633
3597 2281687
3597 2286487
3597 2290793
3647 2292713
3803 2281193
3947 2293673
4097 2294167
4597 2289367
4697 2295593
4697 2296553
4853 2287913
5147 2300393
5503 2288407
5603 2276887
5847 2252887
5897 2305687
6253 2281687
6297 2306153
6497 2298967
6503 2294167
6897 2277847
6897 2295127
6997 2299433
7697 2300887
8197 2281193
8247 2300393
9047 2299927
9147 2270633
9247 2300887
9297 2301353
9847 2302313
9947 2269207
10497 2259113
50747 1271273
50747 1271767
96797 1269353
106953 1258793
110947 1274647
113297 1297687
113647 1275113
116897 1296727
233847 677993
235847 677033
236347 678953
238447 677527
239947 691433
240247 692887
241347 678487
241697 679913
241797 692887
242153 692393
242897 675607
244147 681833
244397 678953
244947 679913
245147 678487
245547 680407
246147 676567
251297 694807
251553 694313
252353 676567
256547 694313
311397 1367273
333953 176873
343347 687593
343353 686633
344747 688553
356353 693847
356653 694313
442797 686633
443797 687127
444447 687593
445597 684713
445647 689513
446003 688553
446847 690007
447197 689513
447247 685673
447503 686167
651397 693847
1271547 2892247
1271547 2944087
1305147 2909527
1305147 2926807
1974797 128873
1979547 130327
1981097 130327
1981797 129367
1982703 129833
2004947 129367
2029797 130327
2031347 130327
2032897 130327
2285047 128873
2297597 128873
2311497 128873
2553697 2795287
3016848 842624
3017898 846464
3018298 850304
3018448 863296
3022798 869504
3023148 870464
3024298 864704
3024298 865216
3024298 867136
3018197 1798807
96697 2370473
96947 2370007
98297 2372393
98547 2370007
99697 2371927
99847 2366633
99847 2367127
99847 2369513
99847 2370473
99847 2370967
99847 2372393
100697 2368087
101397 2367593
101447 2372393
101753 2375273
102247 2362327
102247 2368087
102447 2365673
102697 2370473
102797 2365207
102947 2364247
103147 2363753
103253 2368087
103647 2371927
103797 2369513
103797 2372393
104147 2364713
104197 2366167
104397 2367593
104797 2365673
105097 2370473
105303 2367127
105847 2370007
105897 2366167
105897 2366633
105947 2367593
106297 2371927
106647 2368087
106697 2370473
107397 2370967
108297 2369513
108497 2367593
110853 2368553
111397 2369513
111847 2372393
114447 2372887
115003 2371927
115097 2372393
116147 2369047
153347 2393513
153897 2393047
154897 2393513
155553 2399767
156097 2394967
156097 2433833
156403 2444887
156553 2396393
156947 2395927
157103 2398313
157153 2397847
157203 2410793
157303 2412713
157353 2400233
157647 2394967
157647 2402647
157647 2414633
157697 2395433
157803 2402153
157947 2396887
158253 2424727
158353 2401193
158403 2404073
158747 2399273
158747 2399767
158797 2401687
159197 2398313
159197 2403113
159203 2449687
159247 2397847
159247 2400727
159353 2398807
159353 2402153
159997 2405527
160953 2409367
161347 2412247
116197 2376727
118147 2379113
119553 2379113
120097 2368087
121403 2377687
121903 2367593
122097 2378153
122503 2371927
122647 2379607
122703 2377193
123703 2378647
124353 2370473
124453 2368087
124647 2366167
124697 2366633
125653 2370967
126053 2371927
126203 2369513
126253 2379113
126353 2375273
126547 2367593
126953 2375767
126997 2368553
127153 2377193
127203 2367127
127753 2369513
127947 2368087
128047 2370007
128453 2378647
129403 2368553
129897 2381033
131403 2379607
132603 2379113
133453 2378153
134403 2375767
134897 2377193
135203 2381527
135303 2375273
135303 2379113
135503 2374807
137303 2373353
137397 2379113
167803 2381993
172553 2342633
172553 2344553
172553 2367593
172603 2342167
172603 2361367
173097 2383913
173303 2348887
173403 2351767
173553 2379113
173847 2340247
173853 2341207
173853 2372393
173947 2355113
174103 2357993
174153 2344553
174553 2344087
174647 2366633
174653 2370007
174753 2365673
174803 2371433
174953 2367593
174953 2369513
174953 2384873
175053 2374807
175103 2379607
175153 2364247
175253 2366167
175703 2370967
175753 2366633
175853 2357527
176153 2380073
176253 2378647
176303 2365673
176353 2371433
176653 2364713
176903 2349353
178247 2369513
172553 2318167
172553 2319593
172553 2333993
173253 2324393
173303 2330647
173453 2334953
173853 2337833
173897 2330153
174103 2315287
174103 2315753
174103 2318167
174103 2322473
174103 2331113
174103 2336873
174253 2319127
174253 2323433
174397 2335447
174647 2320553
174703 2328727
174953 2319593
174953 2321513
175003 2333033
175003 2335913
175253 2314327
175303 2322007
175353 2318633
175353 2339753
175497 2334487
175503 2341207
175603 2340713
175653 2318167
175753 2340247
175803 2314793
175803 2319127
175803 2323433
176103 2317673
176253 2320087
176253 2334953
176303 2315753
176403 2321047
176447 2335447
176503 2319593
176703 2338327
176903 2316247
177103 2322967
177353 2323433
177403 2325353
177753 2337367
177753 2342167
177853 2328233
207403 2309527
207703 2309993
208103 2310487
208447 2345513
208803 2326807
208853 2315753
208853 2321513
209253 2334487
209397 2312873
209697 2320087
210353 2310487
210797 2317673
210897 2327767
211903 2322967
211953 2337367
212497 2334953
224097 2345513
231047 2340247
231047 2340713
231047 2341207
231047 2341673
231047 2342167
231047 2342633
231047 2343127
231047 2343593
231047 2344087
231047 2344553
231047 2345047
231047 2345513
231047 2346007
231047 2346473
231047 2346967
231047 2347433
231047 2347927
231047 2348393
231047 2348887
231047 2349353
231047 2349847
231047 2350313
189553 2309527
189553 2318167
189553 2337367
189703 2340713
190403 2321513
190553 2314793
190753 2325353
190853 2338327
190997 2330153
191103 2309993
191103 2310953
191103 2320553
191103 2334953
191203 2328233
191253 2314327
191253 2316713
191503 2324393
191703 2321047
191953 2337367
192053 2312407
192103 2317207
192103 2323433
192247 2311913
192253 2313367
192253 2316247
192253 2330647
192403 2322967
192647 2340247
192653 2310953
192653 2311447
192653 2315287
192653 2320553
192803 2315753
192803 2316713
192853 2335913
192897 2325353
193253 2311913
193303 2317673
193347 2321513
193653 2317207
193653 2318633
193653 2323433
194197 2314327
194203 2310953
194303 2313367
194353 2315753
194553 2335447
194953 2320553
168197 2230313
168197 2242793
168297 2239913
169047 2235607
169047 2240873
169047 2243753
169097 2224087
169253 2230807
169397 2231767
169497 2233193
169747 2223127
169747 2234647
169747 2238487
169747 2241833
169747 2244713
169747 2246167
169797 2226967
169847 2239913
170053 2243753
170103 2229847
170147 2237033
170597 2240873
170597 2242793
170647 2245207
170897 2240407
170897 2241367
171347 2243287
171447 2235607
171597 2232727
171897 2233193
171903 2239447
171947 2238487
172053 2228393
172147 2241833
172303 2226007
172453 2226473
172453 2235607
172453 2243753
173847 2242793
174547 2235607
174647 2229353
175047 2231273
177347 2236567
177703 2229847
181047 2232233
185947 2274473
186547 2274967
187847 2273513
188403 2274007
189653 2277353
192103 2276393
193653 2276393
195697 2275927
196047 2268247
196153 2257193
196303 2276393
196953 2278807
197053 2257687
198153 2260567
198953 2265833
199153 2264873
201353 2265833
201653 2257193
202447 2278807
203197 2278313
203247 2271593
203603 2274007
203603 2276393
203647 2274967
203753 2252393
204197 2272553
204203 2267287
204353 2277353
205497 2274967
205647 2271593
205753 2274007
205803 2272553
208203 2268713
175847 2298967
176547 2298473
177453 2298007
179903 2297513
180303 2297047
182703 2297513
187453 2297047
189003 2297047
190603 2301353
190853 2301847
191103 2307607
191103 2309033
191653 2305193
191947 2307113
191953 2298967
192103 2302313
192103 2305687
192203 2300393
192253 2306647
192703 2298007
192847 2306153
193253 2308073
193303 2286487
193653 2302313
193653 2308567
193747 2305193
194253 2298007
194253 2302807
194653 2296087
194653 2306153
194703 2297513
194953 2307113
195053 2295593
196253 2297513
196603 2295593
196703 2294633
196853 2290327
197153 2296553
198153 2295593
198253 2294633
198403 2296087
198553 2288407
198703 2296553
201353 2290793
168497 2269673
168653 2269207
168703 2266793
169353 2268247
170353 2269673
170753 2267287
170903 2268247
171103 2266793
171447 2264873
171603 2273047
171853 2264407
171903 2269673
171947 2262487
172003 2262953
172053 2265833
172403 2261993
172753 2270167
172997 2272553
173603 2265833
173903 2271127
174053 2268713
174203 2270633
174253 2269207
174303 2270167
174353 2273047
175147 2261993
175453 2271127
176153 2261993
176453 2274007
176703 2272087
176853 2274473
176903 2262953
177053 2262487
177153 2261033
177347 2261527
177403 2259607
177453 2260073
177503 2265367
178103 2253847
178153 2264873
178403 2264407
178403 2273047
178603 2255767
178703 2261033
178853 2273513
179103 2262953
179803 2274007
179903 2261993
180353 2272553
180403 2273513
229847 2279273
232303 2288873
234453 2272553
237647 2279273
238653 2295593
239603 2310953
239697 2294633
239797 2294167
240097 2311913
240697 2293207
241647 2311913
242003 2288873
242397 2312407
243447 2311913
244197 2312407
244447 2312873
244747 2298967
244997 2311913
246253 2317673
247047 2313833
247603 2314327
248097 2311913
248197 2312407
249503 2313367
249953 2315753
251303 2309033
254803 2317207
169047 2253353
169047 2254313
169747 2249513
169747 2256233
169897 2247593
169897 2248087
169897 2255273
169903 2251433
169947 2248553
170053 2252393
170353 2255767
170597 2251927
170597 2260567
170753 2250007
170753 2256233
170897 2249047
170897 2261527
170903 2254313
170903 2255273
171203 2256727
171297 2247127
171297 2249513
171447 2247593
171497 2248553
171553 2253353
171997 2260073
172047 2254807
172197 2257193
172297 2246633
172453 2254313
172753 2256727
172847 2250967
173153 2254807
176047 2245673
177347 2249047
177597 2245673
178297 2243753
183203 2274007
183497 2274473
184503 2275433
185153 2275927
186003 2276393
190603 2275927
190903 2274967
192647 2274473
193653 2274007
196253 2274473
196803 2274967
197553 2277353
197853 2276393
198097 2275433
199647 2277353
207447 2276887
208997 2279767
209003 2275927
209147 2281193
209203 2280233
209253 2281687
209347 2280727
210003 2276887
210153 2283113
210497 2282153
210547 2278807
210653 2279273
210903 2274473
210953 2280727
211053 2281193
211897 2279767
212047 2282153
212097 2276887
212853 2281687
212903 2279767
213053 2282153
214453 2279767
215203 2276887
215403 2282153
216953 2278313
220597 2280233
198997 2297513
199703 2294167
199703 2295593
199703 2297047
200303 2296553
201003 2298473
201203 2297513
201253 2297047
202753 2296087
202953 2296553
203003 2294633
204553 2297513
206553 2299927
206553 2300393
206803 2289833
207553 2298007
207703 2287447
207853 2301847
207953 2299433
207953 2306153
208003 2307607
208053 2295593
208153 2303767
208803 2300887
208803 2306647
208803 2307113
208853 2294167
208853 2302807
208853 2304233
208853 2308567
209253 2299927
210353 2300887
210403 2308567
210703 2300393
211053 2301353
211103 2307607
211697 2285033
213103 2284073
215847 2285993
215897 2291287
216097 2285033
216103 2285527
455653 1855913
455953 1853527
457297 1853033
457747 1851607
459347 1855447
459747 1853033
460003 1853993
460847 1855913
462097 1854487
462497 1851607
463197 1854953
463603 1859753
463897 1855447
467397 1849687
468353 1855913
468447 1853527
473003 1859287
475403 1860713
479353 1860713
479503 1859753
480903 1867433
481553 1859753
487603 1859287
513847 1859753
430348 1230016
430348 1231936
430348 1233856
430348 1235776
430348 1238144
430348 1240064
430348 1241984
430348 1243904
430348 1245824
430348 1247744
430348 1250176
430348 1252096
430348 1254016
430348 1255936
430348 1257856
430348 1259776
430348 1262144
430348 1264064
430348 1268864
430348 1270784
430348 1272704
430348 1274624
430348 1277056
430348 1278976
430348 1280896
430348 1282816
430348 1284736
430348 1286656
430348 1289024
430348 1290944
430348 1292864
430348 1294784
430348 1296704
430348 1298624
430348 1301056
443303 1247273
586098 1230016
586098 1231936
586098 1233856
586098 1235776
586098 1238144
586098 1240064
586098 1241984
586098 1243904
586098 1245824
586098 1247744
586098 1250176
586098 1252096
586098 1254016
586098 1255936
586098 1257856
586098 1259776
586098 1262144
586098 1264064
586098 1268864
586098 1270784
586098 1272704
586098 1274624
586098 1277056
586098 1278976
586098 1280896
586098 1282816
586098 1284736
586098 1286656
586098 1289024
586098 1290944
586098 1292864
586098 1294784
586098 1296704
586098 1298624
586098 1301056
586098 1306816
586098 1309184
586098 1311104
586098 1313024
586098 1314944
605248 1718144
605248 1718656
605248 1725376
605248 1725824
605248 1732544
605248 1733056
605248 1739776
605248 1740224
605248 1746944
605248 1747456
605248 1754176
605248 1754624
607998 1718144
607998 1718656
607998 1725376
607998 1725824
607998 1732544
607998 1733056
607998 1739776
607998 1740224
607998 1746944
607998 1747456
607998 1754176
607998 1754624
609747 1724887
614697 1757993
614747 1758953
617297 1758487
617547 1748887
618653 1758487
619803 1749847
619803 1750313
605248 1761344
605248 1761856
605248 1768576
605248 1769024
605248 1775744
605248 1776256
605248 1782976
605248 1783424
605248 1790144
605248 1790656
605248 1797376
605248 1797824
605248 1804544
605248 1805056
607998 1761344
607998 1761856
607998 1768576
607998 1769024
607998 1775744
607998 1776256
607998 1782976
607998 1783424
607998 1790144
607998 1790656
607998 1797376
607998 1797824
607998 1804544
607998 1805056
601298 1678336
602448 1685056
602798 1677376
603502 1684544
605248 1667776
605248 1668224
605248 1674944
605248 1675456
605248 1682176
