409304 436604
409360 440412
409388 438816
409528 438144
409724 435932
409794 441084
409808 436576
410088 442176
410368 439488
410424 440608
410564 438144
410620 434560
410620 442624
410648 443324
410676 440832
410844 435232
410872 442848
411040 432572
411208 438396
411348 439488
411376 439068
411376 443324
411432 437052
411516 434560
411628 443296
411656 440832
411656 442176
411908 443996
411992 436576
411992 444444
412160 441756
412720 433916
412720 445116
412748 446460
412804 444864
175434 238840
409500 428316
409808 426048
410312 430080
410704 425824
410956 424704
411852 422688
412104 423612
412720 421344
412916 422268
413084 422492
413308 420672
413560 419104
413644 419580
413672 423612
413700 425852
413812 425376
414260 421344
414316 421596
414652 419580
414820 423136
414848 416640
414904 422492
415268 422016
415660 417116
415912 421344
415940 419580
416304 420448
416528 418236
417004 422268
417060 422688
417144 422016
417256 417984
417648 418656
417732 420476
417900 422688
418040 417984
418348 417564
418572 416892
418964 419132
419048 420672
419160 417760
419328 421120
419356 421344
419384 418432
419440 416640
419608 418656
419776 420672
420056 421596
420084 419580
420980 420448
414148 319200
414456 313152
414680 318108
414792 318528
415184 318780
415240 319200
415268 323484
415296 316288
415324 323232
415408 315168
415408 317436
415436 313152
415492 315420
415492 324156
415548 318108
415632 316512
415856 316764
416052 323484
416052 323904
416248 329280
416304 318528
416388 315168
416444 322812
416668 313824
416668 319452
416780 313404
416780 320544
416836 311388
416864 323232
416948 314272
417032 317184
417060 327516
417116 322560
417172 321216
417256 323484
417368 310716
417368 323904
417396 315420
417396 327040
417452 321888
417480 328860
417676 312060
417732 322140
417760 326396
417816 329728
417872 311612
417928 324156
417956 314972
418012 312956
418264 316316
410620 320320
410676 319452
411404 319872
411796 317856
411852 321468
411992 320124
412048 318780
412160 319452
412188 318304
412356 316988
412496 323036
412636 316288
412636 319872
412720 321888
412916 320320
412972 316764
412972 322812
413000 318108
413028 317436
413084 323904
413196 324828
413224 318528
413280 325500
413504 321216
413560 325052
413616 322364
413700 323232
413868 326844
413980 323680
414008 316512
414064 315840
414120 327936
414204 327264
414232 321468
414232 327040
414456 325920
414680 324156
414680 324576
414904 321692
414932 327936
414988 325248
415156 320544
415184 322140
415492 321888
415800 325248
415912 322140
415996 325500
416164 328860
416612 322336
416808 325920
411208 332892
412356 332892
412916 336476
413336 331772
413364 333116
413420 339612
413672 329728
413784 338016
413784 338492
413896 336000
413980 329728
414036 338268
414232 335328
414400 334460
414596 336672
414792 338016
414820 329056
414932 330204
415156 330624
415212 333564
415240 340032
415324 333312
415548 340704
415604 341376
415800 344316
415828 344064
415940 335804
415996 330624
416024 331548
416024 333088
416220 339612
416556 334236
416640 333760
416640 338688
416668 338940
416724 345408
416808 337820
417032 340284
417200 332640
417284 333788
417284 341824
417284 341852
417284 343644
417396 331548
417452 330876
417536 342972
417564 340032
418096 340704
418124 342300
418236 339360
410956 354396
411376 356832
411488 356160
412188 355488
412216 355068
413056 354396
413112 355488
413224 352128
413532 351708
413532 354816
414036 351260
414064 355068
414260 352380
414372 354144
414484 354396
414708 353724
414848 351232
414932 352380
415072 353724
415156 350588
415240 354816
415380 349216
415408 353472
415744 352380
415856 352128
415996 351260
416500 350560
416528 348096
416640 352380
416668 349020
417312 348348
417340 347004
417396 348572
417704 352128
417732 349692
417816 349440
417956 346080
417956 350784
417984 350364
418096 344988
418096 354144
418152 347424
418208 345660
418236 351456
418292 352800
418320 349020
418320 353472
418320 355740
412048 359772
412692 363552
413084 365820
413448 361116
413560 360444
413700 356160
413924 358428
414036 361536
414344 355488
414568 357756
414596 359772
414596 360192
414736 355740
414820 362656
414876 356160
414904 358848
414932 364224
414988 363132
415100 363552
415128 365148
415324 362460
415352 357756
415464 355740
415548 361116
415576 365568
415828 360192
415912 356160
415968 362684
415996 361788
416108 355936
416332 354144
416472 356832
416472 362880
416500 356160
416584 359772
416612 355068
416696 365148
416780 362208
416920 357504
417004 360192
417060 363132
417200 360864
417312 365568
417592 361536
417816 362208
417984 362460
418012 358848
418208 358624
418236 365820
418320 358176
409612 396732
410116 396060
410648 394464
411180 391356
411292 389760
411516 387744
411684 391776
411684 393568
411768 390012
411824 387996
411908 386652
412132 390432
412664 396060
412692 386400
412748 387744
413672 393792
414456 394464
414484 385980
414512 395136
414876 397824
414932 384636
414988 397152
415156 384384
415156 395388
415156 397404
415212 385056
415408 393792
415492 388416
416024 391104
416332 383964
416696 390012
416864 385056
416864 397824
416892 387324
416920 388416
417032 384384
417032 385308
417368 381276
417452 384636
417648 391104
417760 382368
417788 380604
417844 383964
417844 385056
417872 383292
417928 388416
418180 387520
418264 386652
418292 391356
409752 385532
410200 385504
410284 387324
411628 383964
413000 390012
413336 389760
414036 367836
414036 389340
414148 368508
414148 393120
414344 368256
414456 398300
414708 381696
414876 381948
414988 399840
415016 370272
415240 379932
415604 368256
415744 399168
415968 379680
416052 370524
416416 376992
416472 372960
416528 369180
416528 378588
416612 370272
416640 373884
416668 398496
416836 374976
416892 368928
416920 375228
417004 371196
417060 368256
417102 374304
417200 394716
417368 377916
417452 367836
417452 370272
417536 370524
417620 373408
417648 399840
417760 374752
417872 368256
417900 367584
417956 368928
417984 377664
418096 377916
418320 370944
418320 373632
416192 415968
416220 415296
416388 413952
416668 415968
416696 416892
417284 413952
417872 414400
418264 413280
418348 414876
418404 408576
418796 413532
418936 412188
419048 408828
419132 408156
419216 411264
419244 414876
419356 411936
419356 412608
419552 410844
419580 413952
419608 413532
419664 407904
419720 410592
419748 408828
419916 409920
419916 410844
420140 410172
420168 412188
420168 412608
420560 409248
420644 410592
420672 413280
420728 414624
421148 410844
421260 416416
421498 417312
421540 412860
421568 407232
421624 413952
421764 414204
421792 418460
421848 413280
421904 414876
422380 412860
422856 413952
423136 412860
423192 410172
423248 413280
423360 414624
424340 414204
409388 410368
410396 410844
410536 410368
410564 398748
410956 412860
411152 408156
411236 398076
411516 406140
411544 413084
411768 413056
411852 409500
411908 408352
411964 405468
412020 398496
412160 399616
412496 405216
412580 413532
412860 405692
412888 398272
412972 415072
413000 414204
413056 409248
413140 400960
413252 407484
413280 413280
413364 405216
413364 412860
413504 412412
413896 402332
413952 405468
413980 407904
413980 408576
414400 407484
414904 409248
415212 404796
415436 410844
415464 409920
415716 411264
415772 405216
415856 411936
416080 402528
416080 412608
416192 408576
417144 409500
417172 407232
417480 402780
417508 402528
436044 497280
436212 498400
436940 500416
437220 496412
437248 501788
437920 499100
438452 497056
438480 503580
438508 504476
438732 500892
438760 501116
439012 497084
439236 497056
439236 500416
439348 505148
439572 499072
439824 504448
439908 499100
440272 502460
440300 500416
440356 496412
440636 499100
441168 499744
441196 497084
441532 501116
441644 499100
441980 498428
442092 503804
442456 496608
442456 497084
442512 495936
443100 498400
443296 497952
443296 502460
443324 503776
443492 495936
443492 503804
443548 499772
443744 496608
444220 495936
444416 503776
444500 496608
444556 494592
444724 496188
445032 499100
445144 502432
445200 503776
445256 501116
445760 498400
447160 499072
442008 507136
442204 507808
442680 505120
442904 507136
443016 505792
443100 507808
443128 507164
443800 507136
444332 505148
444388 504476
444976 506492
446152 504924
446432 506464
446656 513184
446908 506268
447048 501984
447132 504448
447244 503104
447608 503132
447860 509376
447944 503804
447972 511644
448112 508032
448252 511168
448364 510048
448392 505120
448560 502460
448644 510300
448952 503804
449036 509376
449176 509628
449232 510720
449260 504476
449288 511392
449372 508284
449428 503132
449428 505148
449540 506016
449792 500892
449792 512316
449876 510048
449988 507808
450184 510720
450576 504924
450604 510048
450716 509376
451780 503132
452060 504448
452228 508032
453712 503104
441140 555520
442848 555996
444220 555548
449680 554400
456148 556220
457772 555324
458192 554400
458248 551292
459172 554652
459508 550620
459592 555072
459704 553056
460068 549948
460068 554400
460124 553980
460264 546588
460320 549276
460404 547260
460404 548352
460488 550620
460740 549948
460908 545664
461020 545916
461216 547680
461804 546336
461832 546588
461832 549276
461916 549024
461944 547260
462028 547680
462364 545916
463204 548352
463260 547260
463288 547008
463512 545916
463680 547680
463764 545244
463932 548352
464016 548604
464044 547008
464716 547008
465528 544992
465612 547680
465668 545664
465668 548352
465668 548604
466060 544320
466200 547932
466760 547260
467404 546588
441756 546112
444864 538272
444976 537600
445256 539616
445536 537852
445620 540960
445648 541632
447300 546588
448364 544320
448420 542976
450940 543900
452144 543228
452872 544320
452928 544572
453488 542976
453656 543648
454104 542304
454188 544992
455140 543900
455280 544572
455308 542304
457016 544992
457212 544320
457856 544992
458360 542304
458948 545664
459004 543648
459032 546588
459172 542304
459732 545664
459788 542556
459872 545916
460096 544572
460320 543900
460404 544320
460684 543648
460796 541632
460936 542304
461244 544320
461580 542976
462168 543228
462168 543648
462336 542976
462476 541632
462560 544572
462840 541884
462840 543648
463008 542976
463176 544992
463988 544320
457940 528192
458108 527100
458948 527100
459424 525084
459424 528192
459676 525504
459732 527772
459788 526848
460096 523740
460096 524160
460264 527520
460292 524832
460376 525756
460796 526176
460880 524412
461412 528192
461608 525952
461776 524832
462252 525756
462364 523740
462588 527100
462812 527772
463176 526428
463260 528192
463400 525504
463652 525756
463680 524832
463876 527520
464016 526848
464548 528444
464604 524832
464604 528192
464716 526176
464800 527520
465276 524832
465780 526176
466116 525084
466340 524832
466340 525952
466396 527296
467152 524160
467376 524832
467712 525084
467852 524412
468048 525504
468244 523068
468300 523488
468328 526428
468552 524832
468832 526176
456596 535164
457548 535836
458276 536704
458612 538272
458808 537180
459060 535584
459620 538524
459844 539196
459872 540960
459928 536256
459928 536508
459984 540288
460320 539616
460656 540288
460852 540960
461328 536256
461328 536508
461328 538524
461412 537852
461496 537180
461552 535584
461972 536928
462000 539196
462112 540540
462140 539616
462952 540288
462980 539616
463008 537180
463232 538524
463820 538272
463848 541212
463960 539616
464212 540288
464352 537180
464380 541212
464716 537600
464800 542304
464996 542976
465052 542556
465444 541212
465724 540540
465780 541632
465864 542304
466872 542556
467208 540540
467236 542556
467432 541212
467516 539868
467852 541632
467964 539616
459340 533568
460600 533568
460656 533820
460880 534240
461356 533568
461664 529536
461748 533148
462000 530880
462000 531132
462224 534912
462364 534240
462504 529788
462532 532476
462644 530460
462784 536256
462896 533568
463092 531552
463148 534912
463204 535584
463344 535164
463652 534240
463764 529788
464212 534492
464212 536928
464352 533820
464380 535164
464520 533148
464716 532224
464828 531132
464856 534912
465024 531804
465052 535836
465276 536256
465472 529536
465500 533820
465640 536508
465780 532476
466144 529536
466144 531552
466368 534912
466396 532224
466648 531132
466816 530460
466816 532896
466928 532476
467964 532476
468496 533568
468916 532896
469000 534492
469196 533820
465388 538272
465528 539196
466144 539616
466312 537600
466368 538944
466592 535584
466592 537180
466676 538524
467152 534240
467376 535836
467404 536928
467404 544572
467432 534912
467488 538524
468076 543648
468132 535584
468440 538272
468468 542976
468608 537852
468832 542304
468860 539196
468860 540540
468916 542976
468972 544992
469056 544320
469084 541212
469336 539616
469392 538944
469476 544572
469504 538272
469812 543648
470036 537852
470232 541632
470512 538524
470596 539616
470764 543648
470848 540540
471016 542304
471100 542976
471184 539196
471324 541212
471436 538944
471800 543900
472276 540960
472472 541212
472472 542556
472668 542304
472920 541632
473788 540288
473984 541212
501032 562716
501060 563136
501088 565152
502348 562044
502348 562464
503664 562464
503888 557760
504000 562044
504028 558432
504056 561372
504336 562464
504364 564480
504588 558684
504588 560028
505120 561372
505176 562716
506184 560700
506324 563808
506352 560448
506408 561792
506632 559104
506772 559356
506856 562044
507248 563584
507276 561792
507920 563388
508060 560028
508088 562044
508312 562464
508788 561372
508844 564060
508956 562464
509684 560700
509908 564060
509964 564956
510160 561792
510188 563808
510244 564732
510412 564480
510580 560924
511000 560700
511000 563388
511224 564732
511532 561120
512008 564732
513072 563612
513100 561372
513884 563136
514444 562044
514836 563808
489272 560700
489356 566944
489524 566300
489608 565824
489636 560448
489888 567840
489972 561792
490056 567168
490168 561372
490504 559776
490504 568288
490700 565824
490756 569632
490812 566748
490896 565152
490980 565600
491036 569856
491204 561792
491232 560700
491540 564060
491568 568512
